200
1 5
1 6
1 8
1 9
1 10
1 11
1 13
1 15
1 16
1 18
1 19
1 21
1 24
1 26
1 27
1 29
1 30
1 31
1 32
1 33
1 34
1 37
1 38
1 39
1 40
1 41
1 42
1 45
1 47
1 50
1 52
1 53
1 54
1 55
1 56
1 59
1 60
1 64
1 65
1 67
1 68
1 70
1 72
1 74
1 75
1 76
1 77
1 78
1 79
1 81
1 84
1 87
1 88
1 89
1 90
1 91
1 93
1 94
1 95
1 96
1 97
1 98
1 99
1 100
1 101
1 102
1 103
1 105
1 108
1 110
1 115
1 117
1 118
1 119
1 124
1 125
1 126
1 132
1 133
1 134
1 136
1 143
1 147
1 148
1 152
1 154
1 158
1 160
1 162
1 163
1 167
1 169
1 171
1 172
1 174
1 175
1 181
1 182
1 186
1 187
1 188
1 189
1 190
1 191
1 193
1 195
1 196
1 198
2 3
2 4
2 5
2 7
2 9
2 10
2 12
2 14
2 15
2 16
2 18
2 19
2 21
2 22
2 24
2 25
2 27
2 29
2 30
2 31
2 34
2 36
2 37
2 38
2 39
2 40
2 41
2 42
2 43
2 44
2 46
2 49
2 50
2 52
2 53
2 55
2 59
2 61
2 62
2 66
2 67
2 69
2 70
2 72
2 74
2 75
2 76
2 77
2 79
2 80
2 82
2 83
2 85
2 86
2 89
2 93
2 95
2 96
2 98
2 99
2 101
2 103
2 104
2 105
2 108
2 109
2 114
2 115
2 117
2 118
2 119
2 121
2 122
2 123
2 125
2 126
2 129
2 130
2 135
2 137
2 142
2 143
2 144
2 145
2 146
2 149
2 151
2 155
2 156
2 157
2 158
2 159
2 161
2 163
2 165
2 169
2 170
2 171
2 172
2 173
2 174
2 175
2 176
2 177
2 178
2 179
2 181
2 183
2 184
2 186
2 187
2 191
2 192
2 195
2 197
2 198
2 200
3 6
3 7
3 10
3 15
3 17
3 18
3 19
3 21
3 22
3 24
3 26
3 28
3 29
3 30
3 31
3 32
3 34
3 35
3 36
3 37
3 38
3 40
3 41
3 44
3 45
3 48
3 49
3 50
3 53
3 54
3 59
3 60
3 61
3 63
3 64
3 65
3 66
3 67
3 68
3 69
3 70
3 72
3 74
3 75
3 76
3 77
3 80
3 81
3 82
3 84
3 85
3 86
3 87
3 90
3 91
3 92
3 94
3 96
3 97
3 99
3 100
3 101
3 102
3 104
3 107
3 111
3 114
3 115
3 116
3 117
3 118
3 120
3 123
3 127
3 130
3 132
3 133
3 139
3 140
3 141
3 144
3 145
3 146
3 147
3 148
3 149
3 152
3 155
3 157
3 162
3 167
3 168
3 170
3 175
3 177
3 178
3 179
3 183
3 185
3 187
3 188
3 192
3 193
3 195
3 196
3 197
3 198
3 199
3 200
4 5
4 7
4 8
4 9
4 10
4 11
4 12
4 13
4 16
4 17
4 21
4 22
4 24
4 25
4 26
4 27
4 30
4 33
4 38
4 40
4 41
4 42
4 43
4 44
4 45
4 47
4 48
4 50
4 52
4 53
4 54
4 56
4 57
4 58
4 61
4 66
4 67
4 70
4 72
4 73
4 76
4 77
4 78
4 79
4 80
4 82
4 83
4 84
4 87
4 88
4 89
4 92
4 93
4 94
4 95
4 96
4 97
4 98
4 99
4 100
4 102
4 103
4 104
4 106
4 110
4 113
4 119
4 120
4 123
4 124
4 126
4 127
4 128
4 129
4 132
4 133
4 135
4 137
4 139
4 141
4 144
4 146
4 147
4 148
4 150
4 151
4 152
4 156
4 159
4 160
4 161
4 164
4 165
4 166
4 172
4 173
4 177
4 178
4 179
4 180
4 182
4 183
4 184
4 185
4 186
4 187
4 188
4 189
4 191
4 192
4 194
4 195
5 7
5 8
5 11
5 12
5 13
5 14
5 15
5 16
5 18
5 19
5 20
5 21
5 23
5 26
5 30
5 33
5 35
5 36
5 37
5 38
5 39
5 40
5 41
5 42
5 43
5 45
5 46
5 47
5 48
5 51
5 54
5 57
5 58
5 59
5 60
5 61
5 62
5 64
5 65
5 67
5 68
5 69
5 70
5 72
5 73
5 74
5 77
5 78
5 80
5 81
5 82
5 84
5 85
5 86
5 88
5 94
5 95
5 96
5 97
5 99
5 101
5 102
5 103
5 104
5 107
5 108
5 109
5 110
5 111
5 112
5 113
5 116
5 118
5 120
5 123
5 125
5 128
5 130
5 131
5 132
5 133
5 135
5 136
5 137
5 138
5 139
5 140
5 141
5 142
5 143
5 146
5 147
5 149
5 151
5 153
5 154
5 155
5 156
5 157
5 158
5 159
5 160
5 161
5 163
5 164
5 166
5 167
5 169
5 171
5 174
5 178
5 179
5 180
5 181
5 182
5 184
5 185
5 186
5 187
5 189
5 191
5 194
5 197
5 199
5 200
6 12
6 13
6 15
6 16
6 17
6 18
6 22
6 23
6 24
6 27
6 28
6 31
6 32
6 35
6 36
6 41
6 42
6 43
6 45
6 46
6 49
6 50
6 51
6 52
6 53
6 54
6 55
6 57
6 58
6 61
6 63
6 64
6 65
6 67
6 68
6 69
6 70
6 71
6 72
6 75
6 76
6 77
6 78
6 80
6 82
6 83
6 84
6 86
6 87
6 88
6 91
6 93
6 94
6 96
6 97
6 100
6 101
6 104
6 106
6 108
6 111
6 112
6 114
6 118
6 121
6 123
6 124
6 125
6 126
6 128
6 129
6 130
6 132
6 135
6 136
6 137
6 138
6 141
6 143
6 144
6 145
6 146
6 147
6 148
6 149
6 150
6 151
6 152
6 153
6 154
6 156
6 158
6 159
6 162
6 163
6 166
6 167
6 168
6 170
6 172
6 173
6 175
6 176
6 177
6 180
6 185
6 186
6 187
6 188
6 191
6 192
6 194
6 195
6 196
7 8
7 10
7 11
7 13
7 14
7 15
7 16
7 17
7 18
7 22
7 23
7 24
7 25
7 26
7 29
7 30
7 31
7 32
7 33
7 34
7 35
7 36
7 37
7 39
7 43
7 44
7 45
7 46
7 47
7 49
7 51
7 52
7 53
7 54
7 55
7 57
7 58
7 59
7 61
7 62
7 63
7 64
7 65
7 66
7 67
7 68
7 72
7 73
7 74
7 75
7 78
7 81
7 82
7 83
7 85
7 88
7 89
7 90
7 92
7 93
7 94
7 95
7 97
7 98
7 99
7 103
7 104
7 105
7 106
7 108
7 109
7 110
7 113
7 114
7 115
7 117
7 118
7 119
7 121
7 122
7 124
7 125
7 126
7 127
7 128
7 131
7 132
7 133
7 134
7 135
7 136
7 137
7 140
7 142
7 143
7 144
7 145
7 146
7 147
7 149
7 150
7 151
7 153
7 154
7 155
7 156
7 157
7 158
7 159
7 160
7 161
7 162
7 164
7 165
7 167
7 168
7 169
7 170
7 171
7 172
7 173
7 174
7 176
7 179
7 180
7 181
7 183
7 184
7 185
7 188
7 189
7 192
7 194
7 195
7 196
7 199
8 11
8 12
8 13
8 14
8 15
8 16
8 17
8 18
8 19
8 21
8 22
8 23
8 25
8 26
8 28
8 29
8 30
8 32
8 33
8 36
8 37
8 38
8 39
8 41
8 43
8 45
8 47
8 48
8 49
8 51
8 53
8 54
8 55
8 56
8 60
8 61
8 62
8 64
8 65
8 68
8 71
8 72
8 73
8 74
8 75
8 76
8 79
8 83
8 84
8 85
8 86
8 87
8 88
8 89
8 90
8 91
8 92
8 95
8 96
8 97
8 98
8 100
8 101
8 105
8 106
8 107
8 108
8 109
8 112
8 114
8 116
8 117
8 118
8 120
8 122
8 123
8 125
8 126
8 128
8 130
8 131
8 132
8 134
8 135
8 136
8 137
8 142
8 144
8 145
8 147
8 148
8 150
8 153
8 154
8 155
8 158
8 160
8 161
8 163
8 164
8 165
8 166
8 167
8 168
8 170
8 171
8 172
8 175
8 176
8 177
8 178
8 179
8 180
8 182
8 183
8 184
8 185
8 186
8 187
8 190
8 194
8 195
8 196
8 197
8 200
9 10
9 12
9 14
9 15
9 17
9 22
9 23
9 26
9 28
9 30
9 33
9 34
9 35
9 36
9 37
9 38
9 40
9 45
9 46
9 47
9 48
9 49
9 51
9 52
9 54
9 55
9 57
9 58
9 61
9 62
9 63
9 64
9 68
9 69
9 70
9 71
9 76
9 82
9 83
9 84
9 85
9 87
9 88
9 89
9 92
9 93
9 94
9 95
9 96
9 98
9 99
9 100
9 101
9 102
9 103
9 109
9 110
9 112
9 113
9 114
9 115
9 116
9 117
9 119
9 120
9 121
9 123
9 125
9 126
9 127
9 128
9 130
9 132
9 135
9 137
9 138
9 139
9 140
9 141
9 142
9 143
9 144
9 146
9 147
9 148
9 149
9 151
9 153
9 155
9 156
9 157
9 158
9 160
9 161
9 162
9 163
9 167
9 169
9 170
9 172
9 173
9 176
9 179
9 180
9 182
9 183
9 184
9 189
9 190
9 191
9 192
9 194
9 195
9 196
9 197
9 198
9 199
10 12
10 15
10 16
10 19
10 21
10 22
10 24
10 26
10 30
10 32
10 33
10 34
10 35
10 36
10 37
10 38
10 40
10 41
10 43
10 44
10 45
10 46
10 48
10 49
10 50
10 51
10 52
10 53
10 55
10 56
10 59
10 60
10 61
10 62
10 63
10 64
10 66
10 67
10 68
10 69
10 71
10 72
10 73
10 75
10 76
10 78
10 79
10 81
10 83
10 85
10 86
10 87
10 89
10 90
10 91
10 94
10 95
10 97
10 98
10 100
10 101
10 102
10 103
10 105
10 106
10 108
10 110
10 114
10 116
10 117
10 119
10 120
10 121
10 122
10 123
10 124
10 126
10 127
10 129
10 130
10 131
10 133
10 135
10 137
10 138
10 140
10 143
10 144
10 146
10 148
10 151
10 152
10 156
10 157
10 158
10 159
10 166
10 167
10 168
10 169
10 170
10 171
10 173
10 174
10 178
10 179
10 183
10 186
10 187
10 189
10 190
10 191
10 192
10 193
10 194
10 196
10 197
10 198
11 13
11 14
11 16
11 18
11 21
11 22
11 25
11 26
11 27
11 28
11 29
11 31
11 33
11 34
11 36
11 37
11 39
11 43
11 45
11 47
11 48
11 50
11 52
11 54
11 55
11 61
11 62
11 63
11 65
11 66
11 68
11 69
11 71
11 74
11 75
11 76
11 77
11 80
11 81
11 84
11 87
11 88
11 89
11 90
11 91
11 92
11 93
11 94
11 97
11 98
11 100
11 101
11 102
11 105
11 106
11 108
11 110
11 111
11 113
11 115
11 116
11 119
11 120
11 125
11 126
11 127
11 130
11 133
11 135
11 139
11 140
11 141
11 144
11 145
11 146
11 147
11 149
11 151
11 153
11 154
11 157
11 160
11 162
11 164
11 168
11 170
11 171
11 172
11 173
11 174
11 175
11 177
11 178
11 179
11 180
11 181
11 184
11 186
11 187
11 189
11 190
11 191
11 197
11 198
11 199
12 13
12 15
12 17
12 19
12 20
12 21
12 22
12 24
12 30
12 32
12 33
12 35
12 36
12 37
12 38
12 39
12 42
12 43
12 45
12 46
12 47
12 48
12 52
12 54
12 57
12 58
12 59
12 60
12 63
12 66
12 67
12 68
12 71
12 73
12 74
12 75
12 76
12 77
12 78
12 82
12 84
12 85
12 87
12 88
12 90
12 92
12 93
12 95
12 97
12 98
12 99
12 102
12 105
12 107
12 108
12 109
12 110
12 112
12 113
12 114
12 115
12 117
12 118
12 120
12 121
12 122
12 123
12 124
12 125
12 126
12 127
12 128
12 130
12 133
12 134
12 137
12 138
12 139
12 140
12 142
12 143
12 144
12 148
12 149
12 150
12 151
12 163
12 164
12 166
12 168
12 171
12 172
12 173
12 174
12 175
12 176
12 178
12 180
12 181
12 182
12 183
12 184
12 185
12 186
12 187
12 188
12 189
12 192
12 193
12 194
12 195
12 197
12 198
12 199
12 200
13 14
13 16
13 23
13 26
13 32
13 34
13 36
13 37
13 41
13 45
13 49
13 50
13 51
13 52
13 53
13 54
13 55
13 57
13 58
13 59
13 60
13 61
13 62
13 65
13 66
13 67
13 68
13 69
13 70
13 72
13 74
13 80
13 82
13 83
13 85
13 88
13 89
13 90
13 91
13 93
13 94
13 96
13 98
13 99
13 101
13 105
13 106
13 107
13 108
13 109
13 111
13 115
13 116
13 117
13 120
13 122
13 123
13 125
13 126
13 128
13 130
13 131
13 132
13 134
13 136
13 138
13 139
13 140
13 141
13 143
13 144
13 146
13 148
13 149
13 152
13 154
13 155
13 157
13 158
13 160
13 161
13 163
13 164
13 165
13 166
13 167
13 168
13 169
13 171
13 173
13 175
13 176
13 179
13 180
13 182
13 183
13 184
13 185
13 186
13 187
13 189
13 190
13 191
13 192
13 193
13 196
13 198
14 16
14 18
14 19
14 20
14 21
14 22
14 24
14 25
14 26
14 28
14 29
14 30
14 31
14 35
14 36
14 37
14 38
14 39
14 40
14 41
14 43
14 48
14 50
14 51
14 52
14 53
14 54
14 59
14 62
14 63
14 64
14 66
14 67
14 70
14 72
14 73
14 74
14 76
14 78
14 79
14 80
14 82
14 83
14 84
14 85
14 87
14 88
14 89
14 90
14 91
14 92
14 93
14 94
14 96
14 97
14 98
14 99
14 103
14 104
14 105
14 106
14 107
14 108
14 111
14 112
14 113
14 115
14 116
14 117
14 118
14 119
14 122
14 123
14 124
14 126
14 128
14 129
14 130
14 131
14 133
14 134
14 135
14 136
14 138
14 139
14 142
14 143
14 145
14 147
14 148
14 149
14 151
14 152
14 153
14 154
14 155
14 157
14 158
14 159
14 160
14 161
14 162
14 163
14 164
14 165
14 168
14 169
14 170
14 171
14 172
14 173
14 174
14 177
14 178
14 179
14 180
14 184
14 185
14 186
14 187
14 188
14 190
14 191
14 192
14 193
14 194
14 196
14 200
15 16
15 17
15 18
15 20
15 21
15 22
15 27
15 28
15 30
15 31
15 36
15 37
15 38
15 40
15 41
15 43
15 44
15 45
15 46
15 48
15 49
15 52
15 57
15 61
15 62
15 64
15 65
15 68
15 69
15 70
15 72
15 74
15 76
15 77
15 78
15 79
15 82
15 83
15 87
15 88
15 89
15 91
15 92
15 93
15 94
15 95
15 97
15 99
15 100
15 102
15 103
15 104
15 105
15 106
15 110
15 111
15 113
15 115
15 116
15 118
15 119
15 122
15 123
15 124
15 125
15 128
15 133
15 134
15 135
15 136
15 137
15 141
15 142
15 143
15 145
15 146
15 147
15 151
15 153
15 155
15 156
15 159
15 160
15 161
15 165
15 167
15 168
15 169
15 172
15 175
15 176
15 177
15 179
15 183
15 186
15 187
15 188
15 190
15 192
15 193
15 194
15 197
15 198
15 199
15 200
16 19
16 23
16 25
16 26
16 27
16 29
16 31
16 34
16 35
16 37
16 38
16 39
16 41
16 42
16 44
16 47
16 49
16 52
16 54
16 57
16 59
16 60
16 61
16 62
16 63
16 64
16 65
16 66
16 68
16 69
16 70
16 73
16 77
16 78
16 82
16 83
16 84
16 85
16 88
16 89
16 90
16 91
16 93
16 94
16 95
16 97
16 100
16 101
16 102
16 103
16 105
16 111
16 112
16 113
16 114
16 116
16 117
16 118
16 119
16 120
16 122
16 123
16 124
16 125
16 128
16 130
16 133
16 135
16 137
16 138
16 140
16 141
16 143
16 144
16 145
16 146
16 147
16 149
16 151
16 152
16 159
16 160
16 163
16 166
16 171
16 172
16 173
16 174
16 175
16 177
16 179
16 180
16 181
16 184
16 187
16 188
16 189
16 190
16 192
16 194
16 195
16 198
16 199
16 200
17 18
17 21
17 22
17 25
17 26
17 27
17 28
17 31
17 32
17 33
17 34
17 35
17 36
17 37
17 38
17 39
17 40
17 41
17 42
17 43
17 47
17 49
17 51
17 52
17 53
17 54
17 56
17 58
17 59
17 60
17 61
17 63
17 65
17 66
17 68
17 69
17 70
17 71
17 73
17 77
17 79
17 80
17 83
17 84
17 85
17 86
17 87
17 89
17 94
17 95
17 97
17 100
17 101
17 102
17 103
17 105
17 106
17 107
17 109
17 110
17 114
17 117
17 118
17 119
17 122
17 123
17 127
17 128
17 130
17 132
17 135
17 136
17 137
17 140
17 141
17 143
17 144
17 145
17 146
17 150
17 153
17 156
17 157
17 158
17 159
17 160
17 163
17 164
17 165
17 166
17 167
17 170
17 171
17 172
17 173
17 174
17 176
17 177
17 178
17 179
17 180
17 183
17 184
17 188
17 191
17 192
18 21
18 22
18 23
18 24
18 25
18 27
18 31
18 34
18 39
18 40
18 41
18 43
18 44
18 48
18 49
18 54
18 55
18 56
18 58
18 59
18 61
18 63
18 64
18 65
18 66
18 68
18 73
18 75
18 76
18 77
18 78
18 79
18 80
18 84
18 85
18 86
18 90
18 92
18 93
18 96
18 98
18 99
18 100
18 102
18 103
18 104
18 107
18 108
18 109
18 112
18 113
18 116
18 118
18 120
18 121
18 124
18 126
18 127
18 128
18 129
18 130
18 131
18 132
18 134
18 135
18 136
18 137
18 140
18 141
18 142
18 143
18 144
18 148
18 152
18 153
18 156
18 157
18 160
18 162
18 164
18 165
18 169
18 170
18 173
18 175
18 177
18 179
18 181
18 183
18 185
18 186
18 188
18 189
18 192
18 193
18 194
18 197
18 199
18 200
19 20
19 21
19 23
19 25
19 28
19 29
19 31
19 32
19 33
19 34
19 35
19 36
19 37
19 39
19 40
19 41
19 42
19 43
19 44
19 47
19 49
19 50
19 52
19 55
19 56
19 57
19 60
19 62
19 63
19 66
19 72
19 74
19 75
19 77
19 78
19 79
19 80
19 81
19 83
19 84
19 86
19 87
19 91
19 92
19 93
19 96
19 100
19 102
19 103
19 104
19 106
19 107
19 111
19 113
19 114
19 115
19 117
19 118
19 119
19 122
19 123
19 124
19 125
19 126
19 127
19 128
19 129
19 130
19 131
19 132
19 133
19 134
19 135
19 136
19 137
19 138
19 142
19 143
19 145
19 147
19 148
19 151
19 154
19 155
19 158
19 159
19 161
19 164
19 167
19 169
19 170
19 171
19 173
19 174
19 176
19 177
19 179
19 180
19 182
19 183
19 184
19 185
19 187
19 189
19 192
19 193
19 195
19 196
19 197
19 199
19 200
20 22
20 23
20 24
20 25
20 28
20 29
20 31
20 33
20 34
20 35
20 37
20 38
20 40
20 41
20 42
20 44
20 46
20 48
20 52
20 53
20 54
20 55
20 57
20 59
20 61
20 62
20 63
20 64
20 66
20 67
20 68
20 69
20 72
20 74
20 76
20 77
20 79
20 83
20 85
20 86
20 89
20 90
20 91
20 95
20 97
20 98
20 100
20 102
20 103
20 105
20 106
20 107
20 112
20 115
20 116
20 117
20 120
20 124
20 125
20 126
20 127
20 128
20 130
20 132
20 133
20 135
20 136
20 137
20 138
20 140
20 141
20 142
20 143
20 144
20 145
20 146
20 147
20 149
20 152
20 153
20 154
20 155
20 156
20 157
20 160
20 161
20 162
20 163
20 164
20 167
20 171
20 172
20 173
20 174
20 176
20 177
20 178
20 179
20 180
20 181
20 182
20 183
20 185
20 187
20 188
20 189
20 192
20 195
20 197
21 22
21 24
21 25
21 26
21 27
21 29
21 30
21 32
21 33
21 34
21 36
21 39
21 40
21 41
21 44
21 45
21 47
21 49
21 52
21 53
21 54
21 56
21 57
21 58
21 60
21 61
21 63
21 66
21 68
21 71
21 72
21 76
21 77
21 79
21 80
21 82
21 85
21 86
21 87
21 88
21 89
21 91
21 93
21 96
21 97
21 101
21 103
21 105
21 107
21 108
21 109
21 110
21 113
21 114
21 115
21 119
21 120
21 122
21 124
21 127
21 129
21 130
21 133
21 137
21 139
21 142
21 143
21 145
21 149
21 150
21 151
21 152
21 155
21 157
21 158
21 159
21 160
21 161
21 167
21 168
21 169
21 170
21 171
21 173
21 174
21 176
21 178
21 179
21 180
21 182
21 183
21 186
21 187
21 189
21 190
21 191
21 192
21 193
21 196
21 197
21 199
22 24
22 25
22 26
22 29
22 30
22 31
22 32
22 34
22 35
22 36
22 38
22 39
22 40
22 41
22 42
22 43
22 44
22 45
22 46
22 47
22 48
22 50
22 51
22 53
22 54
22 55
22 56
22 58
22 59
22 63
22 65
22 66
22 67
22 68
22 69
22 71
22 72
22 73
22 74
22 77
22 78
22 79
22 80
22 81
22 82
22 83
22 84
22 85
22 86
22 89
22 90
22 91
22 93
22 94
22 95
22 96
22 98
22 99
22 100
22 102
22 103
22 105
22 107
22 109
22 110
22 113
22 114
22 115
22 116
22 117
22 118
22 119
22 122
22 123
22 124
22 126
22 127
22 128
22 130
22 136
22 139
22 140
22 141
22 142
22 143
22 144
22 146
22 148
22 150
22 157
22 161
22 163
22 164
22 166
22 168
22 169
22 170
22 171
22 174
22 176
22 177
22 178
22 179
22 180
22 183
22 184
22 185
22 186
22 188
22 190
22 191
22 193
22 194
22 196
22 197
22 200
23 24
23 25
23 30
23 31
23 34
23 39
23 40
23 42
23 43
23 45
23 46
23 47
23 50
23 51
23 53
23 55
23 57
23 59
23 60
23 61
23 63
23 71
23 72
23 74
23 76
23 77
23 82
23 84
23 87
23 89
23 91
23 92
23 94
23 95
23 96
23 98
23 99
23 101
23 103
23 105
23 107
23 109
23 110
23 111
23 112
23 114
23 115
23 116
23 117
23 118
23 121
23 122
23 123
23 124
23 126
23 127
23 129
23 131
23 133
23 135
23 136
23 137
23 139
23 140
23 143
23 144
23 145
23 148
23 150
23 151
23 152
23 156
23 157
23 159
23 161
23 162
23 163
23 164
23 169
23 170
23 172
23 173
23 174
23 177
23 181
23 182
23 183
23 184
23 185
23 186
23 187
23 188
23 190
23 192
23 195
23 196
23 197
23 198
23 199
23 200
24 25
24 26
24 27
24 30
24 31
24 33
24 36
24 37
24 38
24 39
24 42
24 43
24 47
24 48
24 49
24 50
24 53
24 55
24 56
24 58
24 60
24 62
24 63
24 65
24 66
24 67
24 68
24 70
24 72
24 73
24 74
24 76
24 77
24 78
24 79
24 81
24 82
24 83
24 84
24 85
24 87
24 88
24 90
24 91
24 92
24 93
24 95
24 96
24 97
24 98
24 99
24 100
24 101
24 103
24 104
24 106
24 107
24 108
24 109
24 111
24 112
24 114
24 115
24 118
24 119
24 120
24 121
24 122
24 123
24 125
24 128
24 129
24 131
24 133
24 134
24 136
24 139
24 145
24 146
24 147
24 148
24 149
24 151
24 152
24 153
24 154
24 155
24 160
24 162
24 163
24 164
24 165
24 166
24 169
24 170
24 171
24 173
24 174
24 175
24 177
24 179
24 182
24 183
24 185
24 188
24 189
24 190
24 192
24 197
24 198
24 200
25 26
25 27
25 29
25 32
25 34
25 35
25 36
25 37
25 39
25 41
25 42
25 43
25 44
25 45
25 46
25 47
25 48
25 50
25 51
25 52
25 53
25 54
25 56
25 57
25 58
25 62
25 64
25 65
25 67
25 68
25 72
25 73
25 75
25 76
25 77
25 78
25 79
25 85
25 89
25 90
25 91
25 92
25 94
25 95
25 96
25 97
25 98
25 99
25 101
25 103
25 105
25 107
25 111
25 112
25 113
25 115
25 116
25 117
25 120
25 121
25 122
25 127
25 128
25 129
25 131
25 132
25 133
25 134
25 135
25 136
25 139
25 141
25 142
25 144
25 146
25 148
25 149
25 150
25 151
25 153
25 154
25 156
25 159
25 163
25 167
25 169
25 170
25 171
25 172
25 173
25 176
25 177
25 178
25 179
25 181
25 182
25 184
25 185
25 188
25 189
25 190
25 191
25 192
25 195
25 197
25 198
25 199
26 29
26 31
26 33
26 35
26 36
26 37
26 39
26 40
26 41
26 42
26 43
26 48
26 50
26 52
26 53
26 55
26 56
26 58
26 59
26 60
26 61
26 63
26 64
26 65
26 67
26 68
26 69
26 70
26 71
26 73
26 74
26 75
26 76
26 79
26 80
26 81
26 82
26 83
26 84
26 85
26 86
26 92
26 93
26 94
26 99
26 101
26 105
26 107
26 108
26 109
26 112
26 114
26 117
26 118
26 119
26 120
26 122
26 123
26 124
26 125
26 126
26 127
26 129
26 130
26 131
26 132
26 135
26 138
26 142
26 148
26 149
26 150
26 154
26 155
26 156
26 157
26 159
26 160
26 161
26 162
26 165
26 166
26 167
26 168
26 169
26 170
26 171
26 173
26 174
26 176
26 179
26 180
26 182
26 186
26 187
26 188
26 189
26 191
26 192
26 193
26 194
26 196
26 197
26 199
26 200
27 29
27 34
27 35
27 38
27 39
27 41
27 45
27 46
27 47
27 48
27 50
27 54
27 56
27 58
27 59
27 62
27 66
27 68
27 69
27 70
27 71
27 72
27 73
27 74
27 78
27 82
27 83
27 84
27 85
27 86
27 87
27 90
27 91
27 92
27 93
27 94
27 95
27 97
27 98
27 102
27 104
27 105
27 107
27 108
27 110
27 115
27 117
27 118
27 119
27 120
27 122
27 123
27 124
27 126
27 131
27 133
27 134
27 135
27 136
27 137
27 138
27 140
27 142
27 145
27 148
27 149
27 150
27 152
27 153
27 154
27 155
27 156
27 157
27 159
27 160
27 161
27 162
27 163
27 164
27 165
27 168
27 169
27 170
27 171
27 172
27 173
27 174
27 175
27 177
27 178
27 179
27 181
27 185
27 186
27 187
27 189
27 192
27 193
27 194
27 196
27 198
27 199
28 29
28 30
28 31
28 32
28 33
28 34
28 35
28 37
28 38
28 41
28 42
28 43
28 44
28 45
28 46
28 50
28 52
28 53
28 54
28 57
28 58
28 60
28 61
28 64
28 66
28 67
28 68
28 69
28 70
28 72
28 73
28 74
28 76
28 80
28 82
28 83
28 84
28 85
28 86
28 87
28 88
28 90
28 91
28 92
28 98
28 99
28 101
28 102
28 103
28 104
28 105
28 106
28 109
28 110
28 111
28 112
28 114
28 115
28 116
28 117
28 119
28 120
28 123
28 124
28 126
28 127
28 128
28 129
28 131
28 132
28 135
28 139
28 140
28 142
28 144
28 145
28 147
28 148
28 149
28 150
28 151
28 152
28 153
28 154
28 155
28 157
28 159
28 161
28 162
28 164
28 165
28 168
28 170
28 172
28 174
28 175
28 176
28 177
28 179
28 180
28 181
28 182
28 183
28 185
28 186
28 188
28 190
28 192
28 193
28 194
28 197
28 198
28 199
29 30
29 31
29 32
29 35
29 36
29 37
29 39
29 40
29 41
29 42
29 43
29 44
29 46
29 48
29 51
29 52
29 53
29 57
29 58
29 59
29 61
29 62
29 65
29 66
29 67
29 68
29 69
29 70
29 72
29 73
29 74
29 75
29 77
29 83
29 85
29 86
29 87
29 89
29 92
29 93
29 94
29 95
29 96
29 97
29 98
29 99
29 100
29 101
29 102
29 103
29 104
29 105
29 109
29 111
29 114
29 115
29 116
29 118
29 123
29 124
29 125
29 126
29 127
29 130
29 133
29 134
29 137
29 139
29 141
29 142
29 143
29 145
29 146
29 147
29 150
29 152
29 154
29 155
29 157
29 158
29 160
29 161
29 165
29 168
29 169
29 170
29 172
29 173
29 177
29 178
29 180
29 181
29 182
29 187
29 188
29 189
29 190
29 191
29 192
29 193
29 195
29 196
30 31
30 34
30 35
30 36
30 38
30 39
30 40
30 41
30 43
30 44
30 45
30 46
30 47
30 49
30 53
30 55
30 57
30 59
30 60
30 62
30 67
30 68
30 70
30 72
30 73
30 76
30 78
30 79
30 80
30 81
30 83
30 84
30 85
30 86
30 87
30 88
30 90
30 91
30 92
30 95
30 96
30 98
30 99
30 102
30 103
30 104
30 105
30 106
30 107
30 109
30 111
30 112
30 115
30 117
30 118
30 119
30 120
30 122
30 123
30 127
30 128
30 129
30 130
30 132
30 135
30 137
30 138
30 140
30 142
30 143
30 144
30 145
30 147
30 148
30 151
30 153
30 156
30 157
30 158
30 159
30 161
30 162
30 164
30 168
30 171
30 172
30 173
30 174
30 175
30 178
30 180
30 181
30 182
30 183
30 184
30 186
30 187
30 189
30 192
30 193
30 194
30 195
30 196
30 197
30 200
31 33
31 34
31 38
31 39
31 40
31 41
31 42
31 43
31 48
31 50
31 55
31 56
31 57
31 59
31 62
31 65
31 66
31 69
31 71
31 73
31 76
31 77
31 78
31 79
31 80
31 81
31 82
31 83
31 84
31 85
31 86
31 88
31 90
31 91
31 92
31 93
31 94
31 96
31 97
31 98
31 100
31 102
31 103
31 105
31 106
31 107
31 109
31 113
31 115
31 116
31 118
31 119
31 120
31 122
31 124
31 126
31 128
31 129
31 130
31 131
31 132
31 133
31 134
31 135
31 136
31 137
31 138
31 139
31 141
31 142
31 143
31 144
31 145
31 146
31 149
31 153
31 154
31 155
31 156
31 157
31 158
31 159
31 161
31 162
31 163
31 164
31 165
31 167
31 169
31 172
31 174
31 177
31 178
31 180
31 182
31 183
31 184
31 186
31 187
31 188
31 189
31 190
31 191
31 192
31 193
31 194
31 195
31 196
31 197
31 199
31 200
32 34
32 37
32 39
32 40
32 41
32 42
32 44
32 45
32 46
32 49
32 50
32 51
32 52
32 54
32 58
32 59
32 60
32 62
32 64
32 66
32 67
32 68
32 71
32 72
32 75
32 77
32 78
32 79
32 80
32 81
32 82
32 84
32 88
32 91
32 92
32 93
32 94
32 95
32 96
32 97
32 98
32 102
32 103
32 105
32 106
32 111
32 113
32 115
32 116
32 117
32 119
32 120
32 124
32 125
32 126
32 128
32 129
32 130
32 133
32 134
32 137
32 138
32 139
32 141
32 142
32 143
32 144
32 145
32 146
32 147
32 149
32 150
32 151
32 153
32 154
32 156
32 158
32 159
32 163
32 166
32 167
32 168
32 173
32 174
32 177
32 178
32 179
32 180
32 181
32 185
32 186
32 188
32 189
32 191
32 192
32 193
32 195
32 198
32 199
33 34
33 35
33 36
33 37
33 38
33 39
33 40
33 41
33 42
33 46
33 47
33 48
33 51
33 52
33 53
33 56
33 57
33 58
33 59
33 61
33 63
33 64
33 65
33 67
33 68
33 69
33 70
33 71
33 72
33 73
33 74
33 75
33 76
33 77
33 79
33 80
33 81
33 82
33 84
33 85
33 87
33 88
33 89
33 92
33 94
33 98
33 99
33 100
33 103
33 104
33 105
33 106
33 107
33 108
33 109
33 112
33 114
33 115
33 116
33 118
33 119
33 120
33 121
33 122
33 123
33 124
33 125
33 127
33 128
33 129
33 130
33 131
33 133
33 134
33 135
33 136
33 137
33 138
33 140
33 141
33 142
33 143
33 144
33 145
33 146
33 147
33 148
33 149
33 150
33 151
33 157
33 158
33 160
33 161
33 162
33 163
33 165
33 166
33 167
33 168
33 169
33 170
33 171
33 172
33 174
33 175
33 177
33 179
33 181
33 182
33 183
33 187
33 188
33 189
33 190
33 191
33 193
33 195
33 196
33 197
34 35
34 38
34 39
34 40
34 41
34 43
34 47
34 48
34 50
34 52
34 53
34 54
34 55
34 60
34 63
34 67
34 68
34 69
34 72
34 73
34 74
34 76
34 77
34 78
34 79
34 80
34 81
34 83
34 84
34 85
34 87
34 88
34 90
34 91
34 95
34 96
34 97
34 99
34 100
34 101
34 102
34 103
34 105
34 106
34 110
34 111
34 112
34 113
34 117
34 118
34 120
34 121
34 122
34 124
34 125
34 126
34 129
34 130
34 131
34 133
34 134
34 135
34 140
34 142
34 144
34 146
34 147
34 150
34 151
34 152
34 154
34 155
34 159
34 161
34 164
34 165
34 167
34 169
34 171
34 172
34 173
34 176
34 177
34 179
34 182
34 183
34 184
34 185
34 187
34 188
34 189
34 190
34 192
34 193
34 196
34 197
34 198
34 199
34 200
35 36
35 37
35 39
35 43
35 45
35 47
35 48
35 50
35 51
35 56
35 61
35 62
35 63
35 68
35 69
35 70
35 72
35 73
35 75
35 80
35 81
35 82
35 84
35 86
35 87
35 90
35 91
35 93
35 94
35 95
35 96
35 99
35 100
35 103
35 104
35 110
35 111
35 112
35 113
35 114
35 115
35 116
35 117
35 123
35 125
35 126
35 128
35 130
35 131
35 134
35 135
35 137
35 140
35 141
35 142
35 143
35 146
35 147
35 148
35 149
35 150
35 151
35 152
35 153
35 156
35 157
35 158
35 159
35 162
35 164
35 165
35 167
35 168
35 171
35 172
35 173
35 174
35 175
35 177
35 178
35 179
35 180
35 181
35 182
35 183
35 184
35 185
35 190
35 191
35 193
35 194
35 195
35 199
35 200
36 40
36 43
36 44
36 45
36 46
36 47
36 49
36 50
36 51
36 52
36 53
36 54
36 55
36 56
36 57
36 60
36 61
36 62
36 63
36 64
36 65
36 68
36 70
36 71
36 72
36 74
36 75
36 76
36 78
36 79
36 80
36 82
36 83
36 85
36 87
36 88
36 89
36 92
36 93
36 94
36 95
36 96
36 97
36 98
36 104
36 105
36 108
36 109
36 110
36 111
36 112
36 113
36 118
36 119
36 122
36 123
36 124
36 126
36 127
36 128
36 133
36 134
36 136
36 137
36 139
36 141
36 144
36 145
36 146
36 148
36 149
36 150
36 151
36 154
36 155
36 156
36 157
36 162
36 163
36 164
36 165
36 166
36 167
36 168
36 169
36 170
36 171
36 173
36 176
36 177
36 178
36 179
36 180
36 183
36 184
36 186
36 187
36 188
36 189
36 190
36 193
36 194
36 195
36 199
36 200
37 38
37 39
37 42
37 44
37 45
37 48
37 49
37 50
37 51
37 53
37 56
37 57
37 61
37 66
37 68
37 69
37 72
37 73
37 74
37 77
37 80
37 81
37 82
37 83
37 84
37 85
37 87
37 88
37 89
37 90
37 92
37 95
37 98
37 99
37 103
37 105
37 106
37 109
37 111
37 112
37 115
37 119
37 120
37 122
37 125
37 126
37 127
37 128
37 129
37 135
37 137
37 138
37 139
37 140
37 144
37 145
37 149
37 150
37 153
37 155
37 156
37 158
37 159
37 161
37 162
37 163
37 167
37 168
37 170
37 172
37 173
37 174
37 175
37 176
37 177
37 178
37 179
37 181
37 182
37 184
37 185
37 186
37 187
37 189
37 190
37 192
37 194
37 195
37 197
37 199
37 200
38 40
38 42
38 43
38 45
38 46
38 47
38 50
38 53
38 54
38 56
38 58
38 59
38 60
38 61
38 62
38 65
38 68
38 71
38 72
38 73
38 74
38 77
38 78
38 79
38 81
38 82
38 83
38 86
38 88
38 89
38 92
38 93
38 94
38 97
38 98
38 99
38 100
38 101
38 102
38 105
38 106
38 108
38 111
38 114
38 116
38 117
38 119
38 120
38 121
38 122
38 123
38 124
38 125
38 129
38 137
38 140
38 141
38 142
38 143
38 144
38 145
38 146
38 147
38 148
38 149
38 150
38 155
38 157
38 158
38 159
38 163
38 165
38 167
38 168
38 170
38 174
38 175
38 177
38 178
38 180
38 182
38 185
38 188
38 190
38 191
38 192
38 195
38 196
38 197
38 198
38 199
39 40
39 41
39 42
39 45
39 49
39 51
39 53
39 54
39 57
39 58
39 59
39 62
39 64
39 66
39 67
39 68
39 73
39 74
39 75
39 76
39 79
39 80
39 81
39 82
39 83
39 84
39 85
39 87
39 88
39 90
39 93
39 94
39 95
39 96
39 101
39 102
39 105
39 109
39 111
39 113
39 117
39 120
39 121
39 122
39 124
39 128
39 129
39 130
39 131
39 134
39 135
39 137
39 138
39 139
39 142
39 144
39 145
39 146
39 147
39 148
39 149
39 155
39 158
39 160
39 161
39 162
39 163
39 164
39 166
39 172
39 173
39 174
39 175
39 177
39 178
39 179
39 180
39 182
39 183
39 184
39 185
39 186
39 188
39 191
39 193
39 194
39 195
39 196
39 198
39 199
40 43
40 44
40 45
40 46
40 48
40 49
40 50
40 51
40 52
40 53
40 54
40 55
40 56
40 58
40 61
40 63
40 64
40 65
40 67
40 68
40 69
40 70
40 72
40 74
40 75
40 76
40 78
40 83
40 84
40 85
40 86
40 88
40 89
40 90
40 91
40 92
40 93
40 95
40 97
40 98
40 100
40 101
40 102
40 103
40 104
40 105
40 106
40 107
40 110
40 111
40 113
40 116
40 117
40 119
40 122
40 124
40 127
40 128
40 129
40 130
40 131
40 133
40 135
40 138
40 140
40 141
40 142
40 143
40 144
40 147
40 148
40 149
40 150
40 151
40 152
40 154
40 156
40 157
40 158
40 162
40 163
40 164
40 165
40 169
40 172
40 173
40 174
40 175
40 177
40 178
40 179
40 181
40 182
40 183
40 184
40 186
40 188
40 189
40 192
40 193
40 194
40 195
40 196
40 198
40 200
41 42
41 44
41 45
41 46
41 47
41 48
41 51
41 52
41 54
41 57
41 59
41 60
41 61
41 62
41 63
41 64
41 66
41 67
41 68
41 70
41 72
41 73
41 75
41 77
41 78
41 81
41 83
41 84
41 85
41 86
41 88
41 89
41 92
41 95
41 96
41 97
41 98
41 99
41 102
41 103
41 104
41 106
41 107
41 109
41 110
41 112
41 113
41 114
41 115
41 116
41 118
41 120
41 121
41 122
41 123
41 125
41 126
41 127
41 128
41 130
41 132
41 133
41 134
41 135
41 136
41 137
41 138
41 141
41 142
41 143
41 144
41 146
41 147
41 148
41 149
41 150
41 151
41 153
41 154
41 156
41 157
41 159
41 161
41 162
41 163
41 164
41 165
41 166
41 168
41 170
41 173
41 174
41 175
41 176
41 178
41 182
41 183
41 185
41 186
41 190
41 194
41 196
41 198
41 200
42 45
42 46
42 49
42 50
42 52
42 54
42 58
42 59
42 60
42 63
42 64
42 68
42 71
42 73
42 74
42 75
42 76
42 78
42 79
42 80
42 82
42 85
42 87
42 88
42 89
42 90
42 91
42 93
42 96
42 97
42 99
42 102
42 104
42 105
42 108
42 110
42 111
42 115
42 116
42 117
42 118
42 119
42 121
42 123
42 124
42 125
42 126
42 127
42 128
42 129
42 130
42 134
42 135
42 136
42 137
42 138
42 141
42 142
42 143
42 146
42 147
42 148
42 150
42 151
42 152
42 154
42 155
42 156
42 157
42 160
42 161
42 163
42 165
42 166
42 168
42 170
42 171
42 172
42 173
42 174
42 176
42 177
42 179
42 180
42 181
42 184
42 186
42 187
42 190
42 191
42 194
42 197
42 199
42 200
43 44
43 45
43 46
43 47
43 49
43 50
43 51
43 52
43 54
43 58
43 59
43 60
43 61
43 62
43 65
43 67
43 68
43 70
43 71
43 73
43 76
43 77
43 80
43 82
43 84
43 89
43 90
43 91
43 92
43 93
43 95
43 97
43 98
43 99
43 100
43 101
43 102
43 106
43 107
43 108
43 110
43 111
43 113
43 114
43 115
43 118
43 119
43 120
43 122
43 123
43 124
43 125
43 126
43 129
43 131
43 132
43 133
43 134
43 135
43 137
43 143
43 146
43 147
43 148
43 149
43 150
43 152
43 153
43 155
43 157
43 158
43 160
43 162
43 166
43 170
43 171
43 172
43 173
43 176
43 180
43 181
43 184
43 188
43 193
43 194
43 196
43 198
43 199
44 45
44 46
44 47
44 51
44 52
44 53
44 54
44 56
44 60
44 61
44 63
44 64
44 65
44 67
44 68
44 69
44 70
44 73
44 75
44 76
44 77
44 78
44 79
44 82
44 86
44 88
44 89
44 90
44 91
44 92
44 94
44 95
44 96
44 99
44 100
44 101
44 104
44 105
44 109
44 112
44 113
44 114
44 116
44 117
44 118
44 121
44 122
44 124
44 125
44 126
44 128
44 129
44 130
44 131
44 135
44 136
44 137
44 139
44 141
44 142
44 143
44 144
44 147
44 149
44 152
44 154
44 155
44 158
44 159
44 160
44 162
44 163
44 164
44 168
44 169
44 171
44 172
44 173
44 174
44 175
44 178
44 179
44 180
44 182
44 183
44 184
44 187
44 188
44 191
44 196
44 197
44 198
44 199
44 200
45 50
45 52
45 53
45 54
45 55
45 56
45 58
45 59
45 61
45 64
45 65
45 66
45 67
45 73
45 74
45 75
45 77
45 79
45 80
45 81
45 83
45 84
45 86
45 87
45 88
45 89
45 90
45 91
45 92
45 93
45 94
45 96
45 97
45 98
45 99
45 102
45 104
45 107
45 108
45 109
45 111
45 117
45 118
45 119
45 120
45 121
45 123
45 124
45 125
45 126
45 127
45 128
45 129
45 133
45 135
45 136
45 137
45 138
45 139
45 142
45 146
45 147
45 148
45 151
45 152
45 153
45 154
45 155
45 156
45 157
45 159
45 161
45 164
45 165
45 166
45 169
45 171
45 172
45 177
45 179
45 180
45 183
45 184
45 186
45 187
45 188
45 189
45 190
45 191
45 192
45 194
45 196
45 197
45 198
45 199
45 200
46 47
46 48
46 49
46 50
46 52
46 53
46 54
46 57
46 59
46 62
46 65
46 68
46 69
46 70
46 71
46 73
46 76
46 78
46 79
46 81
46 83
46 86
46 89
46 92
46 93
46 94
46 95
46 96
46 97
46 98
46 102
46 104
46 105
46 106
46 107
46 109
46 111
46 113
46 117
46 119
46 121
46 122
46 123
46 124
46 126
46 128
46 134
46 135
46 136
46 137
46 138
46 142
46 144
46 146
46 149
46 151
46 152
46 153
46 154
46 155
46 157
46 158
46 159
46 162
46 163
46 164
46 169
46 170
46 171
46 172
46 176
46 178
46 180
46 181
46 182
46 183
46 184
46 185
46 188
46 189
46 190
46 192
46 195
46 200
47 48
47 50
47 52
47 53
47 57
47 59
47 60
47 61
47 62
47 63
47 64
47 65
47 66
47 67
47 69
47 70
47 71
47 72
47 73
47 76
47 77
47 82
47 83
47 85
47 86
47 87
47 88
47 89
47 90
47 91
47 92
47 95
47 97
47 98
47 99
47 104
47 108
47 109
47 110
47 112
47 113
47 114
47 115
47 117
47 118
47 119
47 121
47 122
47 123
47 125
47 126
47 127
47 128
47 129
47 132
47 133
47 135
47 136
47 138
47 140
47 142
47 144
47 145
47 146
47 149
47 150
47 153
47 154
47 155
47 156
47 157
47 159
47 160
47 164
47 167
47 168
47 173
47 175
47 178
47 179
47 181
47 185
47 187
47 188
47 190
47 191
47 192
47 193
47 194
47 195
47 196
47 198
47 199
48 50
48 54
48 55
48 56
48 58
48 60
48 62
48 65
48 66
48 67
48 68
48 70
48 71
48 72
48 73
48 74
48 75
48 76
48 77
48 79
48 81
48 83
48 85
48 87
48 88
48 92
48 93
48 96
48 100
48 101
48 105
48 106
48 107
48 109
48 111
48 112
48 113
48 115
48 116
48 117
48 119
48 122
48 125
48 127
48 129
48 130
48 132
48 133
48 134
48 135
48 141
48 142
48 143
48 144
48 145
48 149
48 151
48 152
48 153
48 154
48 156
48 157
48 158
48 159
48 160
48 161
48 162
48 165
48 166
48 167
48 168
48 170
48 171
48 172
48 173
48 176
48 179
48 180
48 181
48 182
48 183
48 184
48 185
48 187
48 188
48 189
48 190
48 192
48 194
48 199
49 50
49 55
49 56
49 58
49 59
49 60
49 61
49 62
49 65
49 68
49 70
49 71
49 72
49 73
49 74
49 75
49 77
49 79
49 81
49 82
49 84
49 86
49 91
49 92
49 95
49 98
49 99
49 100
49 101
49 102
49 103
49 105
49 106
49 108
49 109
49 111
49 112
49 113
49 114
49 117
49 121
49 122
49 123
49 124
49 126
49 127
49 128
49 129
49 133
49 134
49 136
49 141
49 142
49 143
49 144
49 150
49 151
49 153
49 154
49 155
49 158
49 159
49 163
49 164
49 165
49 167
49 168
49 171
49 172
49 173
49 174
49 175
49 176
49 178
49 179
49 180
49 181
49 183
49 184
49 186
49 187
49 188
49 189
49 190
49 192
49 193
49 194
49 195
49 198
49 199
49 200
50 52
50 53
50 54
50 55
50 57
50 59
50 60
50 61
50 62
50 65
50 66
50 67
50 68
50 69
50 71
50 73
50 76
50 83
50 85
50 86
50 87
50 88
50 93
50 95
50 96
50 97
50 98
50 99
50 100
50 102
50 103
50 104
50 106
50 109
50 111
50 112
50 115
50 117
50 118
50 119
50 124
50 127
50 129
50 132
50 134
50 135
50 136
50 137
50 139
50 140
50 141
50 142
50 143
50 144
50 145
50 147
50 148
50 149
50 150
50 151
50 152
50 154
50 155
50 158
50 159
50 160
50 163
50 164
50 166
50 167
50 169
50 171
50 172
50 173
50 175
50 182
50 183
50 184
50 187
50 189
50 193
50 195
50 196
50 197
51 53
51 54
51 56
51 57
51 58
51 60
51 61
51 62
51 63
51 64
51 65
51 67
51 68
51 69
51 71
51 73
51 78
51 79
51 80
51 82
51 83
51 84
51 85
51 86
51 87
51 90
51 91
51 92
51 93
51 97
51 98
51 99
51 100
51 101
51 104
51 105
51 106
51 109
51 110
51 111
51 112
51 115
51 116
51 117
51 118
51 119
51 120
51 122
51 123
51 124
51 128
51 129
51 130
51 131
51 132
51 138
51 140
51 143
51 144
51 146
51 147
51 149
51 150
51 151
51 152
51 153
51 155
51 156
51 158
51 159
51 160
51 163
51 164
51 165
51 168
51 169
51 170
51 171
51 173
51 179
51 181
51 182
51 186
51 192
51 194
51 195
51 196
51 197
51 198
51 199
52 53
52 55
52 57
52 58
52 61
52 62
52 63
52 64
52 65
52 66
52 67
52 68
52 69
52 72
52 73
52 74
52 77
52 79
52 80
52 81
52 84
52 86
52 87
52 88
52 90
52 91
52 94
52 96
52 97
52 98
52 101
52 102
52 104
52 105
52 106
52 108
52 109
52 110
52 113
52 114
52 115
52 117
52 119
52 120
52 121
52 122
52 123
52 126
52 127
52 128
52 129
52 132
52 134
52 135
52 136
52 137
52 142
52 146
52 147
52 148
52 150
52 151
52 152
52 155
52 157
52 159
52 160
52 161
52 166
52 168
52 169
52 172
52 173
52 174
52 175
52 176
52 180
52 182
52 183
52 184
52 185
52 186
52 187
52 189
52 190
52 191
52 192
52 193
52 196
52 197
52 198
52 200
53 54
53 57
53 58
53 59
53 61
53 63
53 64
53 65
53 66
53 67
53 68
53 69
53 70
53 73
53 74
53 75
53 78
53 79
53 82
53 83
53 85
53 86
53 88
53 90
53 91
53 93
53 95
53 97
53 99
53 100
53 101
53 102
53 103
53 104
53 105
53 106
53 108
53 110
53 113
53 114
53 115
53 116
53 117
53 118
53 119
53 120
53 121
53 123
53 124
53 126
53 127
53 128
53 130
53 131
53 133
53 134
53 135
53 136
53 137
53 138
53 140
53 141
53 142
53 146
53 147
53 148
53 149
53 152
53 153
53 154
53 155
53 156
53 160
53 161
53 165
53 166
53 167
53 168
53 169
53 170
53 171
53 172
53 173
53 174
53 175
53 179
53 181
53 182
53 183
53 185
53 186
53 187
53 191
53 192
53 193
53 194
53 195
53 196
53 198
53 199
53 200
54 55
54 56
54 57
54 59
54 60
54 62
54 67
54 69
54 70
54 72
54 73
54 74
54 75
54 76
54 77
54 78
54 79
54 80
54 83
54 85
54 86
54 87
54 90
54 95
54 97
54 98
54 99
54 101
54 105
54 106
54 107
54 109
54 110
54 112
54 113
54 114
54 115
54 116
54 117
54 118
54 119
54 121
54 122
54 124
54 125
54 127
54 128
54 130
54 132
54 133
54 135
54 136
54 138
54 139
54 141
54 143
54 144
54 146
54 147
54 148
54 149
54 150
54 153
54 155
54 158
54 159
54 160
54 161
54 164
54 166
54 169
54 170
54 172
54 174
54 176
54 177
54 181
54 182
54 185
54 187
54 189
54 191
54 192
54 193
54 194
54 195
54 197
54 198
54 199
55 56
55 58
55 59
55 60
55 62
55 64
55 65
55 66
55 67
55 69
55 70
55 71
55 74
55 76
55 77
55 79
55 81
55 82
55 83
55 84
55 85
55 88
55 89
55 90
55 92
55 93
55 96
55 97
55 98
55 100
55 102
55 103
55 111
55 112
55 115
55 116
55 118
55 120
55 121
55 122
55 123
55 124
55 125
55 126
55 127
55 128
55 129
55 130
55 131
55 133
55 134
55 135
55 136
55 137
55 138
55 139
55 141
55 144
55 147
55 148
55 151
55 152
55 154
55 156
55 157
55 158
55 159
55 160
55 162
55 165
55 166
55 168
55 169
55 170
55 171
55 172
55 173
55 174
55 175
55 180
55 181
55 182
55 183
55 184
55 186
55 187
55 190
55 191
55 192
55 195
55 198
56 58
56 59
56 60
56 61
56 62
56 63
56 64
56 65
56 66
56 70
56 74
56 76
56 77
56 78
56 80
56 82
56 84
56 85
56 86
56 88
56 92
56 93
56 94
56 95
56 97
56 99
56 100
56 101
56 102
56 105
56 107
56 108
56 109
56 110
56 111
56 113
56 114
56 116
56 118
56 119
56 120
56 121
56 122
56 124
56 128
56 129
56 131
56 132
56 133
56 134
56 137
56 138
56 139
56 140
56 141
56 142
56 146
56 147
56 150
56 155
56 156
56 157
56 160
56 161
56 162
56 163
56 164
56 171
56 175
56 179
56 182
56 183
56 185
56 186
56 189
56 191
56 194
56 197
56 198
56 199
57 58
57 65
57 67
57 70
57 74
57 76
57 78
57 80
57 81
57 83
57 84
57 85
57 86
57 89
57 90
57 91
57 92
57 94
57 95
57 97
57 99
57 101
57 102
57 103
57 105
57 106
57 109
57 110
57 112
57 113
57 114
57 115
57 116
57 118
57 119
57 120
57 122
57 123
57 124
57 125
57 126
57 127
57 128
57 129
57 130
57 132
57 134
57 135
57 137
57 138
57 139
57 140
57 141
57 142
57 143
57 147
57 148
57 149
57 151
57 152
57 153
57 154
57 155
57 156
57 157
57 158
57 159
57 160
57 162
57 163
57 164
57 165
57 171
57 173
57 175
57 176
57 177
57 178
57 179
57 180
57 181
57 182
57 183
57 184
57 186
57 187
57 188
57 192
57 193
57 194
57 195
57 198
57 199
58 59
58 60
58 62
58 64
58 65
58 66
58 70
58 73
58 76
58 77
58 78
58 79
58 81
58 83
58 84
58 87
58 88
58 89
58 92
58 93
58 94
58 96
58 97
58 98
58 99
58 101
58 102
58 103
58 104
58 105
58 110
58 112
58 114
58 115
58 116
58 121
58 122
58 124
58 126
58 128
58 130
58 132
58 136
58 140
58 141
58 142
58 145
58 146
58 147
58 149
58 150
58 151
58 155
58 156
58 159
58 160
58 161
58 165
58 167
58 168
58 170
58 171
58 173
58 174
58 176
58 178
58 179
58 180
58 181
58 182
58 183
58 185
58 186
58 187
58 188
58 189
58 190
58 191
58 195
58 196
58 197
59 60
59 61
59 64
59 65
59 67
59 71
59 73
59 74
59 75
59 78
59 79
59 80
59 82
59 83
59 85
59 86
59 87
59 89
59 91
59 92
59 93
59 95
59 96
59 97
59 98
59 99
59 100
59 103
59 106
59 107
59 108
59 110
59 111
59 112
59 113
59 116
59 118
59 121
59 122
59 127
59 129
59 130
59 131
59 134
59 135
59 141
59 145
59 146
59 147
59 148
59 149
59 151
59 153
59 154
59 155
59 156
59 158
59 159
59 160
59 161
59 162
59 163
59 164
59 165
59 168
59 169
59 172
59 175
59 178
59 179
59 181
59 182
59 187
59 189
59 191
59 192
59 194
59 195
59 197
59 199
59 200
60 62
60 63
60 65
60 67
60 70
60 71
60 72
60 73
60 74
60 75
60 76
60 77
60 79
60 81
60 82
60 84
60 85
60 87
60 91
60 92
60 93
60 96
60 97
60 98
60 99
60 100
60 103
60 105
60 106
60 107
60 110
60 111
60 112
60 113
60 115
60 116
60 119
60 121
60 123
60 124
60 126
60 127
60 129
60 131
60 133
60 135
60 136
60 137
60 143
60 144
60 145
60 147
60 148
60 149
60 150
60 152
60 155
60 158
60 160
60 161
60 162
60 164
60 165
60 166
60 168
60 169
60 170
60 171
60 172
60 174
60 176
60 178
60 179
60 180
60 181
60 182
60 183
60 185
60 186
60 187
60 189
60 190
60 192
60 195
60 196
60 197
60 198
61 64
61 65
61 67
61 69
61 71
61 72
61 75
61 78
61 82
61 83
61 84
61 90
61 91
61 92
61 93
61 94
61 97
61 98
61 99
61 102
61 103
61 104
61 105
61 106
61 107
61 108
61 110
61 113
61 114
61 115
61 117
61 119
61 121
61 122
61 124
61 125
61 126
61 127
61 128
61 129
61 132
61 133
61 134
61 135
61 136
61 137
61 138
61 139
61 140
61 142
61 143
61 147
61 148
61 149
61 151
61 153
61 154
61 156
61 157
61 158
61 159
61 161
61 162
61 163
61 164
61 165
61 166
61 167
61 168
61 169
61 170
61 171
61 172
61 173
61 174
61 179
61 180
61 181
61 183
61 184
61 185
61 186
61 187
61 188
61 190
61 191
61 193
61 195
61 196
61 197
61 198
61 199
61 200
62 64
62 65
62 66
62 67
62 71
62 72
62 73
62 74
62 75
62 77
62 78
62 79
62 80
62 85
62 86
62 88
62 91
62 92
62 93
62 94
62 95
62 97
62 99
62 100
62 101
62 102
62 103
62 104
62 105
62 106
62 109
62 110
62 112
62 116
62 118
62 120
62 121
62 124
62 125
62 130
62 131
62 132
62 134
62 136
62 138
62 140
62 141
62 143
62 144
62 145
62 146
62 147
62 148
62 149
62 151
62 153
62 155
62 157
62 159
62 160
62 161
62 163
62 164
62 166
62 167
62 168
62 169
62 170
62 171
62 173
62 174
62 175
62 176
62 177
62 178
62 181
62 182
62 185
62 186
62 187
62 189
62 191
62 193
62 196
62 197
62 199
62 200
63 65
63 66
63 69
63 70
63 72
63 73
63 75
63 76
63 77
63 78
63 81
63 82
63 83
63 85
63 90
63 91
63 92
63 93
63 95
63 97
63 98
63 99
63 101
63 102
63 106
63 107
63 108
63 109
63 110
63 112
63 116
63 117
63 118
63 120
63 121
63 122
63 124
63 126
63 127
63 128
63 130
63 132
63 134
63 135
63 136
63 137
63 138
63 140
63 142
63 143
63 144
63 145
63 146
63 147
63 149
63 150
63 151
63 154
63 155
63 156
63 157
63 158
63 162
63 163
63 164
63 166
63 168
63 170
63 171
63 172
63 173
63 176
63 178
63 179
63 180
63 183
63 184
63 185
63 186
63 188
63 189
63 191
63 194
63 196
63 197
63 198
63 199
63 200
64 67
64 68
64 69
64 71
64 72
64 73
64 74
64 77
64 79
64 80
64 81
64 82
64 84
64 85
64 86
64 87
64 88
64 89
64 90
64 92
64 93
64 94
64 95
64 96
64 97
64 100
64 102
64 103
64 104
64 108
64 109
64 111
64 114
64 115
64 118
64 119
64 121
64 123
64 124
64 126
64 127
64 128
64 130
64 137
64 138
64 139
64 140
64 142
64 144
64 146
64 148
64 149
64 150
64 152
64 153
64 154
64 156
64 159
64 160
64 162
64 163
64 165
64 168
64 176
64 177
64 178
64 179
64 180
64 182
64 184
64 185
64 187
64 189
64 190
64 191
64 192
64 195
64 196
64 198
64 200
65 66
65 68
65 69
65 71
65 72
65 74
65 75
65 76
65 77
65 78
65 79
65 80
65 82
65 83
65 84
65 85
65 87
65 88
65 92
65 93
65 94
65 96
65 97
65 98
65 100
65 102
65 104
65 105
65 107
65 108
65 110
65 111
65 112
65 114
65 116
65 118
65 120
65 121
65 122
65 123
65 126
65 129
65 130
65 131
65 132
65 133
65 134
65 136
65 137
65 139
65 141
65 143
65 145
65 146
65 147
65 148
65 149
65 150
65 152
65 153
65 154
65 155
65 156
65 161
65 164
65 165
65 167
65 169
65 170
65 171
65 172
65 174
65 176
65 177
65 178
65 181
65 182
65 183
65 186
65 187
65 189
65 192
65 193
65 194
65 195
65 197
65 200
66 67
66 70
66 71
66 73
66 76
66 77
66 78
66 79
66 83
66 89
66 90
66 91
66 97
66 98
66 99
66 100
66 101
66 102
66 103
66 104
66 107
66 108
66 109
66 111
66 112
66 114
66 115
66 117
66 119
66 120
66 123
66 124
66 126
66 130
66 131
66 132
66 133
66 137
66 138
66 139
66 141
66 142
66 145
66 148
66 149
66 153
66 154
66 157
66 158
66 159
66 161
66 163
66 164
66 165
66 167
66 168
66 169
66 171
66 172
66 176
66 177
66 178
66 179
66 182
66 187
66 188
66 189
66 190
66 191
66 193
66 196
66 197
67 68
67 69
67 71
67 73
67 76
67 77
67 79
67 80
67 81
67 82
67 83
67 88
67 91
67 92
67 93
67 95
67 98
67 100
67 101
67 103
67 104
67 107
67 108
67 109
67 110
67 112
67 116
67 117
67 119
67 120
67 121
67 123
67 124
67 125
67 126
67 127
67 128
67 129
67 130
67 131
67 134
67 138
67 140
67 141
67 143
67 144
67 145
67 149
67 150
67 151
67 153
67 155
67 156
67 157
67 158
67 161
67 163
67 165
67 166
67 167
67 168
67 169
67 171
67 172
67 177
67 179
67 180
67 183
67 187
67 188
67 191
67 193
67 196
67 197
67 199
67 200
68 69
68 73
68 74
68 75
68 79
68 80
68 83
68 84
68 88
68 90
68 92
68 94
68 99
68 100
68 101
68 104
68 105
68 106
68 108
68 111
68 113
68 114
68 119
68 120
68 122
68 123
68 124
68 125
68 129
68 130
68 132
68 133
68 134
68 135
68 136
68 137
68 138
68 139
68 140
68 141
68 142
68 144
68 146
68 147
68 148
68 149
68 151
68 154
68 155
68 156
68 158
68 159
68 160
68 161
68 165
68 166
68 168
68 169
68 170
68 171
68 174
68 175
68 176
68 180
68 182
68 185
68 188
68 189
68 190
68 191
68 193
68 196
68 200
69 71
69 72
69 73
69 74
69 75
69 76
69 77
69 78
69 81
69 83
69 84
69 90
69 92
69 93
69 95
69 96
69 99
69 100
69 101
69 102
69 103
69 104
69 105
69 106
69 109
69 113
69 114
69 115
69 116
69 118
69 119
69 120
69 121
69 123
69 125
69 126
69 127
69 128
69 129
69 130
69 131
69 134
69 135
69 136
69 139
69 140
69 142
69 143
69 146
69 148
69 149
69 150
69 151
69 154
69 157
69 158
69 159
69 161
69 163
69 164
69 165
69 166
69 169
69 171
69 172
69 174
69 175
69 176
69 177
69 180
69 181
69 182
69 184
69 185
69 187
69 188
69 190
69 191
69 192
69 193
69 196
69 197
69 198
70 71
70 72
70 73
70 75
70 76
70 77
70 79
70 80
70 81
70 82
70 83
70 86
70 87
70 91
70 92
70 97
70 98
70 99
70 105
70 108
70 110
70 111
70 112
70 113
70 117
70 119
70 120
70 123
70 126
70 127
70 128
70 131
70 135
70 138
70 139
70 140
70 143
70 144
70 145
70 149
70 150
70 152
70 154
70 155
70 158
70 160
70 163
70 167
70 168
70 170
70 171
70 174
70 176
70 177
70 178
70 182
70 183
70 184
70 185
70 189
70 190
70 191
70 193
70 194
70 197
70 199
71 76
71 77
71 79
71 80
71 81
71 85
71 86
71 87
71 90
71 92
71 93
71 94
71 95
71 96
71 97
71 98
71 99
71 100
71 101
71 102
71 103
71 105
71 106
71 107
71 109
71 110
71 112
71 113
71 115
71 117
71 119
71 121
71 123
71 124
71 127
71 130
71 131
71 132
71 133
71 135
71 136
71 137
71 139
71 140
71 141
71 142
71 143
71 144
71 145
71 150
71 152
71 154
71 157
71 158
71 159
71 161
71 164
71 166
71 168
71 170
71 173
71 174
71 176
71 178
71 179
71 181
71 182
71 183
71 184
71 185
71 187
71 188
71 190
71 193
71 195
71 196
71 197
71 198
71 199
72 77
72 79
72 80
72 81
72 83
72 84
72 85
72 86
72 87
72 88
72 89
72 90
72 92
72 94
72 95
72 97
72 99
72 102
72 103
72 105
72 106
72 107
72 109
72 111
72 113
72 114
72 116
72 117
72 118
72 121
72 122
72 126
72 128
72 129
72 130
72 131
72 134
72 138
72 141
72 142
72 143
72 145
72 147
72 148
72 149
72 150
72 152
72 153
72 155
72 157
72 158
72 159
72 160
72 161
72 162
72 163
72 165
72 167
72 168
72 169
72 170
72 171
72 173
72 176
72 177
72 179
72 181
72 182
72 183
72 184
72 185
72 187
72 192
72 193
72 195
72 197
72 198
72 199
72 200
73 75
73 76
73 77
73 79
73 80
73 81
73 82
73 86
73 87
73 88
73 89
73 91
73 93
73 94
73 95
73 96
73 97
73 99
73 100
73 101
73 102
73 104
73 108
73 109
73 111
73 112
73 113
73 114
73 115
73 116
73 117
73 119
73 120
73 123
73 124
73 125
73 127
73 128
73 131
73 137
73 141
73 142
73 143
73 145
73 147
73 148
73 149
73 152
73 154
73 155
73 158
73 161
73 162
73 163
73 164
73 165
73 166
73 169
73 170
73 171
73 174
73 175
73 176
73 177
73 178
73 181
73 182
73 183
73 184
73 185
73 187
73 194
73 196
73 198
73 199
74 75
74 80
74 81
74 82
74 85
74 86
74 88
74 89
74 91
74 92
74 93
74 94
74 96
74 99
74 100
74 101
74 102
74 103
74 107
74 108
74 112
74 113
74 114
74 115
74 116
74 118
74 120
74 121
74 123
74 125
74 126
74 127
74 128
74 130
74 131
74 134
74 137
74 139
74 140
74 141
74 142
74 145
74 147
74 149
74 151
74 152
74 153
74 154
74 155
74 156
74 157
74 158
74 159
74 162
74 163
74 164
74 165
74 166
74 167
74 168
74 169
74 174
74 175
74 176
74 177
74 178
74 180
74 181
74 184
74 185
74 186
74 187
74 189
74 190
74 193
74 194
74 195
74 199
74 200
75 76
75 78
75 79
75 80
75 83
75 84
75 86
75 89
75 91
75 92
75 93
75 95
75 97
75 101
75 105
75 106
75 109
75 111
75 112
75 113
75 114
75 115
75 116
75 117
75 118
75 119
75 120
75 123
75 125
75 126
75 127
75 128
75 129
75 131
75 133
75 137
75 138
75 139
75 140
75 141
75 143
75 144
75 146
75 147
75 149
75 150
75 151
75 152
75 153
75 154
75 155
75 156
75 158
75 161
75 163
75 167
75 168
75 170
75 172
75 173
75 175
75 176
75 178
75 179
75 180
75 184
75 185
75 187
75 190
75 191
75 192
75 193
75 194
75 200
76 77
76 78
76 79
76 81
76 84
76 85
76 87
76 89
76 92
76 94
76 95
76 96
76 97
76 102
76 104
76 106
76 107
76 111
76 113
76 114
76 115
76 116
76 117
76 121
76 124
76 125
76 127
76 131
76 134
76 137
76 141
76 142
76 143
76 144
76 146
76 147
76 151
76 154
76 155
76 156
76 158
76 159
76 162
76 167
76 168
76 169
76 170
76 174
76 175
76 176
76 177
76 178
76 180
76 184
76 185
76 188
76 189
76 190
76 192
76 193
76 194
76 197
76 198
76 200
77 78
77 80
77 81
77 82
77 84
77 85
77 86
77 87
77 89
77 90
77 91
77 93
77 94
77 95
77 96
77 97
77 101
77 104
77 105
77 106
77 107
77 108
77 110
77 111
77 112
77 113
77 114
77 116
77 117
77 118
77 120
77 121
77 123
77 126
77 127
77 130
77 131
77 132
77 133
77 134
77 135
77 137
77 140
77 141
77 142
77 143
77 147
77 148
77 149
77 150
77 153
77 154
77 158
77 159
77 160
77 161
77 165
77 166
77 168
77 169
77 171
77 172
77 173
77 178
77 179
77 180
77 181
77 182
77 184
77 186
77 187
77 188
77 192
77 195
77 197
77 198
77 199
77 200
78 79
78 80
78 81
78 85
78 87
78 88
78 89
78 91
78 92
78 94
78 95
78 96
78 98
78 102
78 103
78 104
78 105
78 107
78 108
78 109
78 110
78 111
78 113
78 115
78 116
78 121
78 122
78 123
78 126
78 127
78 128
78 129
78 130
78 131
78 133
78 136
78 138
78 139
78 140
78 142
78 145
78 146
78 147
78 148
78 150
78 151
78 153
78 155
78 158
78 159
78 160
78 161
78 162
78 166
78 167
78 168
78 170
78 173
78 174
78 175
78 176
78 178
78 179
78 181
78 182
78 183
78 185
78 189
78 191
78 192
78 193
78 194
78 196
78 198
78 199
79 81
79 82
79 84
79 86
79 87
79 91
79 92
79 93
79 94
79 96
79 97
79 99
79 100
79 102
79 104
79 105
79 106
79 108
79 110
79 111
79 112
79 115
79 116
79 117
79 118
79 119
79 120
79 122
79 123
79 124
79 127
79 128
79 129
79 132
79 134
79 135
79 136
79 137
79 138
79 140
79 141
79 142
79 145
79 146
79 148
79 152
79 154
79 156
79 157
79 159
79 160
79 161
79 162
79 163
79 164
79 165
79 166
79 167
79 169
79 170
79 171
79 172
79 173
79 174
79 175
79 176
79 177
79 178
79 181
79 183
79 184
79 186
79 188
79 190
79 191
79 192
79 193
79 194
79 195
79 197
79 198
79 199
80 81
80 82
80 83
80 84
80 85
80 86
80 87
80 89
80 90
80 91
80 92
80 95
80 96
80 97
80 98
80 99
80 102
80 103
80 104
80 105
80 106
80 109
80 112
80 113
80 114
80 115
80 116
80 117
80 118
80 119
80 124
80 126
80 127
80 128
80 129
80 131
80 132
80 133
80 135
80 136
80 137
80 138
80 139
80 141
80 145
80 147
80 149
80 150
80 152
80 154
80 157
80 158
80 159
80 160
80 161
80 163
80 164
80 167
80 168
80 171
80 172
80 176
80 179
80 181
80 184
80 185
80 186
80 187
80 188
80 189
80 192
80 193
80 194
80 195
80 197
80 198
80 199
81 83
81 84
81 85
81 95
81 97
81 98
81 99
81 100
81 102
81 103
81 104
81 105
81 107
81 108
81 109
81 114
81 117
81 118
81 119
81 122
81 124
81 125
81 126
81 129
81 130
81 135
81 137
81 138
81 139
81 140
81 141
81 142
81 145
81 148
81 150
81 151
81 153
81 154
81 156
81 157
81 159
81 162
81 163
81 165
81 166
81 168
81 169
81 170
81 175
81 177
81 178
81 179
81 180
81 181
81 182
81 184
81 185
81 187
81 188
81 190
81 192
81 193
81 194
81 195
81 196
81 197
81 200
82 83
82 84
82 85
82 86
82 87
82 88
82 90
82 95
82 96
82 97
82 99
82 101
82 102
82 103
82 104
82 105
82 106
82 108
82 110
82 111
82 112
82 114
82 115
82 117
82 118
82 120
82 122
82 124
82 126
82 129
82 133
82 134
82 143
82 145
82 146
82 147
82 151
82 152
82 154
82 156
82 158
82 159
82 161
82 162
82 163
82 169
82 172
82 173
82 174
82 176
82 177
82 180
82 181
82 183
82 184
82 185
82 186
82 187
82 189
82 191
82 193
82 196
82 197
82 199
83 84
83 85
83 86
83 88
83 90
83 91
83 94
83 95
83 96
83 97
83 98
83 101
83 104
83 105
83 108
83 111
83 112
83 113
83 114
83 115
83 116
83 117
83 118
83 123
83 125
83 126
83 127
83 128
83 130
83 133
83 134
83 135
83 136
83 137
83 138
83 140
83 142
83 144
83 145
83 146
83 147
83 148
83 149
83 150
83 151
83 152
83 156
83 158
83 159
83 160
83 162
83 164
83 166
83 168
83 169
83 170
83 172
83 174
83 175
83 180
83 181
83 184
83 185
83 186
83 189
83 192
83 194
83 197
83 198
83 199
83 200
84 85
84 86
84 87
84 88
84 90
84 91
84 92
84 94
84 95
84 96
84 98
84 99
84 100
84 101
84 104
84 105
84 107
84 109
84 110
84 112
84 115
84 116
84 117
84 118
84 119
84 120
84 121
84 122
84 123
84 124
84 125
84 127
84 131
84 132
84 135
84 136
84 138
84 139
84 140
84 143
84 144
84 145
84 146
84 147
84 151
84 153
84 154
84 155
84 156
84 157
84 160
84 161
84 162
84 164
84 165
84 166
84 167
84 169
84 170
84 171
84 172
84 173
84 174
84 176
84 181
84 182
84 183
84 184
84 185
84 188
84 189
84 190
84 191
84 192
84 193
84 195
84 196
84 197
84 199
84 200
85 86
85 87
85 88
85 92
85 95
85 98
85 99
85 100
85 101
85 102
85 104
85 105
85 106
85 107
85 111
85 113
85 114
85 116
85 123
85 125
85 127
85 128
85 133
85 135
85 137
85 139
85 142
85 145
85 146
85 148
85 149
85 151
85 152
85 155
85 156
85 157
85 162
85 164
85 165
85 168
85 169
85 175
85 176
85 177
85 178
85 180
85 181
85 182
85 186
85 189
85 190
85 191
85 192
85 194
85 195
85 197
85 199
85 200
86 87
86 88
86 91
86 93
86 95
86 96
86 97
86 100
86 101
86 103
86 104
86 105
86 106
86 107
86 108
86 109
86 112
86 113
86 116
86 117
86 118
86 119
86 121
86 122
86 127
86 128
86 132
86 133
86 134
86 138
86 140
86 141
86 142
86 144
86 147
86 148
86 149
86 150
86 151
86 152
86 153
86 154
86 155
86 157
86 160
86 161
86 162
86 163
86 164
86 165
86 166
86 168
86 170
86 171
86 172
86 174
86 175
86 176
86 178
86 179
86 183
86 184
86 186
86 187
86 192
86 194
86 196
86 198
86 199
87 88
87 90
87 91
87 92
87 93
87 96
87 98
87 99
87 102
87 104
87 109
87 110
87 115
87 116
87 117
87 119
87 121
87 124
87 125
87 129
87 132
87 133
87 135
87 136
87 137
87 138
87 140
87 141
87 142
87 143
87 144
87 145
87 146
87 148
87 149
87 151
87 152
87 153
87 155
87 157
87 159
87 161
87 164
87 166
87 167
87 169
87 172
87 173
87 175
87 177
87 179
87 181
87 183
87 184
87 187
87 189
87 197
87 198
87 200
88 89
88 90
88 92
88 93
88 94
88 96
88 97
88 100
88 101
88 102
88 104
88 105
88 106
88 108
88 109
88 111
88 112
88 114
88 116
88 117
88 118
88 119
88 120
88 122
88 123
88 125
88 126
88 127
88 129
88 130
88 131
88 132
88 135
88 136
88 146
88 147
88 149
88 150
88 151
88 152
88 153
88 154
88 156
88 157
88 158
88 159
88 160
88 161
88 163
88 164
88 166
88 168
88 169
88 170
88 171
88 174
88 176
88 177
88 178
88 179
88 180
88 181
88 183
88 184
88 186
88 190
88 191
88 192
88 195
88 196
88 198
88 200
89 91
89 92
89 95
89 99
89 100
89 101
89 102
89 103
89 106
89 107
89 108
89 109
89 110
89 111
89 112
89 114
89 115
89 116
89 117
89 118
89 120
89 122
89 124
89 125
89 127
89 128
89 129
89 131
89 132
89 133
89 134
89 135
89 138
89 139
89 140
89 141
89 142
89 143
89 144
89 145
89 146
89 147
89 148
89 150
89 151
89 155
89 158
89 159
89 160
89 161
89 163
89 164
89 166
89 168
89 170
89 171
89 173
89 178
89 179
89 181
89 183
89 184
89 186
89 188
89 189
89 190
89 191
89 192
89 193
89 194
89 196
89 197
89 198
89 200
90 93
90 94
90 97
90 98
90 100
90 101
90 102
90 104
90 105
90 111
90 112
90 113
90 115
90 116
90 118
90 119
90 120
90 123
90 125
90 126
90 128
90 129
90 130
90 131
90 132
90 134
90 135
90 138
90 139
90 140
90 144
90 146
90 147
90 149
90 150
90 154
90 155
90 156
90 157
90 159
90 161
90 162
90 163
90 166
90 167
90 168
90 169
90 172
90 173
90 175
90 176
90 179
90 180
90 181
90 182
90 183
90 184
90 186
90 187
90 190
90 191
90 192
90 194
90 197
90 198
91 92
91 95
91 97
91 98
91 101
91 102
91 106
91 110
91 111
91 114
91 115
91 116
91 117
91 118
91 119
91 121
91 123
91 126
91 129
91 131
91 135
91 138
91 143
91 144
91 146
91 147
91 148
91 150
91 151
91 152
91 153
91 154
91 156
91 157
91 158
91 159
91 160
91 167
91 170
91 172
91 174
91 176
91 177
91 180
91 181
91 182
91 185
91 187
91 188
91 189
91 190
91 192
91 193
91 194
91 195
91 197
91 198
91 199
91 200
92 93
92 95
92 97
92 98
92 99
92 102
92 103
92 105
92 106
92 109
92 111
92 112
92 113
92 114
92 118
92 119
92 120
92 123
92 124
92 125
92 126
92 127
92 130
92 133
92 136
92 138
92 140
92 143
92 144
92 145
92 146
92 149
92 150
92 152
92 153
92 154
92 155
92 156
92 157
92 159
92 161
92 163
92 164
92 166
92 167
92 170
92 171
92 172
92 175
92 176
92 177
92 178
92 179
92 180
92 181
92 182
92 183
92 184
92 186
92 191
92 192
92 194
92 197
92 198
92 199
92 200
93 94
93 95
93 96
93 98
93 99
93 100
93 101
93 102
93 103
93 104
93 115
93 116
93 117
93 118
93 119
93 120
93 121
93 123
93 124
93 125
93 126
93 127
93 128
93 129
93 130
93 131
93 133
93 134
93 135
93 136
93 137
93 139
93 141
93 142
93 143
93 146
93 147
93 149
93 152
93 153
93 154
93 156
93 158
93 160
93 163
93 164
93 165
93 166
93 167
93 168
93 169
93 170
93 171
93 173
93 177
93 179
93 180
93 182
93 183
93 184
93 185
93 188
93 189
93 190
93 192
93 194
93 196
93 198
93 199
93 200
94 95
94 97
94 98
94 99
94 102
94 103
94 105
94 106
94 107
94 108
94 109
94 111
94 112
94 116
94 117
94 118
94 119
94 120
94 121
94 122
94 124
94 126
94 127
94 132
94 133
94 135
94 137
94 139
94 140
94 141
94 143
94 144
94 146
94 148
94 149
94 150
94 151
94 153
94 154
94 155
94 157
94 159
94 163
94 164
94 165
94 166
94 169
94 172
94 173
94 179
94 183
94 186
94 187
94 189
94 191
94 192
94 194
94 198
94 200
95 96
95 97
95 99
95 101
95 103
95 104
95 105
95 106
95 107
95 112
95 113
95 114
95 115
95 117
95 118
95 119
95 120
95 122
95 123
95 125
95 126
95 127
95 129
95 131
95 132
95 133
95 137
95 139
95 142
95 144
95 145
95 146
95 147
95 149
95 150
95 152
95 153
95 154
95 155
95 156
95 157
95 158
95 159
95 161
95 162
95 169
95 171
95 172
95 174
95 176
95 178
95 179
95 180
95 185
95 187
95 188
95 189
95 191
95 194
95 195
95 198
95 199
96 97
96 99
96 100
96 105
96 106
96 109
96 110
96 111
96 113
96 115
96 116
96 118
96 119
96 121
96 123
96 124
96 125
96 126
96 128
96 130
96 131
96 132
96 133
96 135
96 137
96 138
96 141
96 143
96 144
96 145
96 146
96 148
96 150
96 151
96 152
96 153
96 154
96 156
96 160
96 163
96 164
96 165
96 166
96 167
96 168
96 170
96 171
96 172
96 174
96 175
96 176
96 177
96 178
96 179
96 182
96 184
96 185
96 187
96 189
96 190
96 192
96 193
96 195
96 196
96 197
97 98
97 99
97 100
97 101
97 102
97 106
97 107
97 108
97 109
97 110
97 111
97 114
97 116
97 117
97 118
97 119
97 121
97 122
97 123
97 124
97 125
97 127
97 128
97 129
97 130
97 131
97 133
97 135
97 138
97 139
97 140
97 141
97 144
97 145
97 146
97 147
97 150
97 151
97 152
97 155
97 156
97 158
97 161
97 168
97 169
97 170
97 172
97 173
97 174
97 177
97 178
97 179
97 180
97 182
97 185
97 186
97 188
97 189
97 192
97 195
97 197
97 198
97 199
97 200
98 101
98 103
98 104
98 106
98 107
98 108
98 112
98 113
98 115
98 116
98 118
98 119
98 120
98 121
98 124
98 125
98 126
98 127
98 128
98 130
98 131
98 132
98 134
98 135
98 136
98 138
98 140
98 141
98 142
98 146
98 149
98 151
98 155
98 156
98 157
98 158
98 159
98 160
98 162
98 166
98 171
98 173
98 174
98 177
98 179
98 181
98 182
98 183
98 184
98 185
98 191
98 192
98 195
98 196
98 198
98 200
99 100
99 102
99 104
99 106
99 111
99 113
99 116
99 117
99 118
99 119
99 120
99 122
99 123
99 125
99 126
99 128
99 130
99 131
99 132
99 133
99 138
99 140
99 141
99 144
99 145
99 146
99 147
99 149
99 150
99 151
99 152
99 155
99 156
99 161
99 162
99 163
99 164
99 165
99 172
99 173
99 175
99 176
99 177
99 178
99 179
99 181
99 184
99 188
99 189
99 190
99 192
99 193
99 195
99 196
99 197
99 198
99 200
100 101
100 102
100 103
100 106
100 108
100 110
100 111
100 112
100 114
100 115
100 116
100 118
100 119
100 121
100 122
100 124
100 125
100 126
100 127
100 128
100 130
100 131
100 132
100 133
100 135
100 137
100 139
100 140
100 141
100 143
100 145
100 146
100 147
100 148
100 150
100 152
100 154
100 157
100 158
100 160
100 161
100 162
100 168
100 169
100 170
100 171
100 173
100 174
100 176
100 177
100 178
100 179
100 181
100 182
100 183
100 184
100 186
100 187
100 193
100 194
100 195
100 197
100 198
100 200
101 102
101 104
101 106
101 107
101 110
101 111
101 113
101 115
101 118
101 119
101 122
101 123
101 124
101 126
101 128
101 129
101 131
101 132
101 133
101 134
101 136
101 139
101 140
101 141
101 142
101 143
101 146
101 147
101 148
101 150
101 151
101 152
101 153
101 154
101 155
101 156
101 157
101 161
101 163
101 165
101 167
101 168
101 169
101 171
101 172
101 174
101 175
101 176
101 178
101 180
101 181
101 182
101 183
101 184
101 185
101 187
101 188
101 190
101 193
101 194
101 195
101 197
101 199
101 200
102 104
102 105
102 106
102 110
102 111
102 112
102 113
102 115
102 116
102 117
102 121
102 122
102 123
102 125
102 126
102 128
102 129
102 132
102 133
102 136
102 138
102 139
102 141
102 142
102 144
102 147
102 148
102 150
102 152
102 154
102 155
102 158
102 162
102 164
102 165
102 166
102 167
102 168
102 170
102 171
102 172
102 173
102 176
102 177
102 178
102 180
102 184
102 185
102 186
102 187
102 189
102 190
102 191
102 192
102 193
102 194
102 195
102 196
102 197
102 199
102 200
103 104
103 107
103 108
103 109
103 111
103 112
103 114
103 115
103 118
103 119
103 123
103 125
103 127
103 128
103 129
103 130
103 131
103 133
103 134
103 137
103 138
103 139
103 141
103 142
103 143
103 144
103 146
103 147
103 148
103 149
103 152
103 154
103 155
103 157
103 158
103 163
103 164
103 166
103 167
103 168
103 169
103 170
103 174
103 176
103 178
103 179
103 180
103 181
103 183
103 188
103 190
103 191
103 193
103 196
103 197
103 198
103 199
103 200
104 107
104 109
104 110
104 111
104 112
104 113
104 115
104 116
104 118
104 119
104 121
104 122
104 125
104 126
104 127
104 128
104 130
104 131
104 132
104 137
104 138
104 139
104 140
104 141
104 142
104 144
104 145
104 146
104 148
104 149
104 150
104 152
104 153
104 154
104 155
104 156
104 157
104 159
104 163
104 164
104 165
104 169
104 170
104 171
104 173
104 174
104 175
104 177
104 179
104 180
104 183
104 184
104 186
104 187
104 188
104 190
104 193
104 194
104 195
104 196
104 198
105 106
105 110
105 115
105 116
105 120
105 121
105 123
105 125
105 126
105 127
105 128
105 132
105 133
105 134
105 136
105 137
105 139
105 141
105 142
105 143
105 146
105 147
105 149
105 152
105 154
105 156
105 157
105 159
105 161
105 163
105 164
105 165
105 167
105 170
105 174
105 175
105 178
105 179
105 181
105 182
105 183
105 184
105 186
105 187
105 188
105 189
105 190
105 192
105 193
105 196
105 197
105 198
105 200
106 107
106 108
106 110
106 112
106 113
106 115
106 116
106 117
106 118
106 120
106 123
106 124
106 125
106 126
106 130
106 132
106 133
106 136
106 137
106 138
106 139
106 140
106 141
106 142
106 144
106 145
106 146
106 147
106 149
106 150
106 151
106 152
106 153
106 155
106 156
106 157
106 158
106 159
106 162
106 164
106 165
106 167
106 168
106 169
106 170
106 171
106 172
106 173
106 174
106 175
106 180
106 183
106 185
106 186
106 190
106 191
106 192
106 194
106 195
106 197
106 199
106 200
107 108
107 109
107 111
107 112
107 114
107 115
107 117
107 118
107 119
107 121
107 124
107 126
107 129
107 131
107 134
107 136
107 137
107 141
107 142
107 143
107 146
107 147
107 148
107 151
107 152
107 155
107 159
107 160
107 161
107 163
107 164
107 166
107 167
107 168
107 170
107 174
107 175
107 176
107 177
107 180
107 183
107 186
107 189
107 191
107 192
107 193
107 194
107 196
107 197
108 109
108 110
108 112
108 113
108 115
108 118
108 119
108 120
108 122
108 123
108 125
108 127
108 129
108 130
108 133
108 136
108 137
108 138
108 140
108 141
108 143
108 144
108 145
108 147
108 148
108 149
108 151
108 152
108 155
108 157
108 158
108 159
108 160
108 161
108 162
108 163
108 164
108 165
108 166
108 167
108 170
108 171
108 174
108 175
108 177
108 178
108 179
108 180
108 183
108 184
108 185
108 186
108 188
108 189
108 191
108 195
108 196
108 198
108 200
109 110
109 111
109 112
109 113
109 114
109 115
109 116
109 117
109 118
109 120
109 124
109 125
109 127
109 129
109 130
109 131
109 132
109 133
109 135
109 136
109 137
109 138
109 140
109 142
109 143
109 144
109 145
109 146
109 147
109 150
109 151
109 152
109 155
109 156
109 157
109 159
109 165
109 169
109 170
109 172
109 174
109 176
109 177
109 181
109 182
109 183
109 185
109 186
109 187
109 188
109 193
109 194
109 195
109 197
109 198
109 200
110 111
110 112
110 113
110 115
110 117
110 121
110 125
110 126
110 127
110 128
110 129
110 130
110 135
110 137
110 138
110 139
110 140
110 141
110 142
110 143
110 144
110 145
110 146
110 148
110 149
110 151
110 153
110 154
110 155
110 156
110 157
110 158
110 159
110 161
110 162
110 164
110 166
110 167
110 169
110 171
110 172
110 174
110 179
110 180
110 181
110 184
110 187
110 190
110 192
110 194
110 197
110 199
111 112
111 114
111 115
111 117
111 122
111 123
111 125
111 126
111 127
111 129
111 131
111 132
111 133
111 135
111 136
111 139
111 140
111 141
111 145
111 146
111 147
111 148
111 152
111 153
111 157
111 159
111 160
111 162
111 163
111 164
111 168
111 169
111 170
111 171
111 172
111 174
111 177
111 179
111 180
111 181
111 182
111 183
111 185
111 186
111 189
111 190
111 193
111 194
111 196
111 197
111 199
111 200
112 115
112 116
112 117
112 118
112 122
112 123
112 124
112 126
112 129
112 130
112 131
112 133
112 136
112 137
112 139
112 143
112 151
112 153
112 154
112 155
112 158
112 159
112 160
112 161
112 165
112 171
112 172
112 175
112 176
112 177
112 179
112 180
112 181
112 182
112 187
112 188
112 192
112 193
112 194
112 195
112 197
112 198
112 199
112 200
113 114
113 117
113 119
113 120
113 121
113 122
113 124
113 125
113 126
113 127
113 131
113 132
113 133
113 135
113 137
113 138
113 139
113 142
113 143
113 146
113 147
113 148
113 149
113 151
113 152
113 154
113 156
113 157
113 159
113 160
113 161
113 162
113 163
113 164
113 165
113 166
113 167
113 168
113 169
113 171
113 172
113 175
113 176
113 177
113 178
113 179
113 180
113 182
113 183
113 184
113 186
113 187
113 188
113 189
113 190
113 191
113 193
113 195
113 197
113 199
114 116
114 117
114 118
114 121
114 123
114 127
114 128
114 129
114 130
114 133
114 134
114 135
114 136
114 137
114 138
114 141
114 142
114 144
114 146
114 147
114 148
114 149
114 151
114 152
114 154
114 155
114 157
114 158
114 162
114 166
114 170
114 172
114 173
114 174
114 175
114 176
114 177
114 178
114 182
114 183
114 185
114 187
114 188
114 190
114 192
114 193
114 195
114 197
114 198
115 117
115 118
115 119
115 120
115 121
115 122
115 124
115 125
115 126
115 128
115 129
115 130
115 131
115 134
115 135
115 136
115 137
115 138
115 140
115 142
115 145
115 147
115 148
115 150
115 153
115 154
115 155
115 157
115 158
115 159
115 160
115 162
115 163
115 164
115 165
115 166
115 167
115 168
115 169
115 172
115 173
115 174
115 176
115 177
115 179
115 180
115 183
115 184
115 185
115 186
115 193
115 194
115 198
115 199
116 119
116 121
116 122
116 123
116 125
116 126
116 127
116 128
116 129
116 131
116 134
116 135
116 137
116 140
116 143
116 145
116 146
116 147
116 150
116 151
116 155
116 161
116 163
116 164
116 167
116 168
116 170
116 171
116 172
116 175
116 176
116 177
116 179
116 180
116 181
116 182
116 183
116 184
116 185
116 186
116 187
116 189
116 192
116 193
116 197
116 199
117 118
117 124
117 125
117 126
117 127
117 129
117 130
117 132
117 135
117 139
117 140
117 141
117 144
117 146
117 147
117 148
117 149
117 150
117 151
117 153
117 155
117 156
117 158
117 162
117 163
117 164
117 166
117 169
117 170
117 171
117 172
117 173
117 175
117 179
117 180
117 181
117 186
117 188
117 189
117 190
117 191
117 194
117 196
117 198
117 200
118 119
118 121
118 122
118 123
118 124
118 126
118 127
118 131
118 132
118 134
118 138
118 139
118 140
118 141
118 143
118 144
118 145
118 147
118 148
118 149
118 150
118 151
118 157
118 158
118 159
118 161
118 162
118 163
118 166
118 167
118 170
118 171
118 173
118 174
118 175
118 176
118 177
118 180
118 183
118 184
118 187
118 188
118 189
118 192
118 193
118 194
118 196
118 197
118 200
119 120
119 124
119 125
119 126
119 131
119 132
119 133
119 136
119 137
119 138
119 139
119 141
119 142
119 143
119 144
119 145
119 146
119 150
119 151
119 152
119 153
119 156
119 158
119 160
119 161
119 163
119 165
119 166
119 167
119 168
119 169
119 170
119 173
119 174
119 175
119 176
119 181
119 182
119 186
119 187
119 188
119 189
119 193
119 194
119 196
119 197
119 198
119 199
119 200
120 121
120 122
120 123
120 127
120 129
120 130
120 131
120 133
120 134
120 137
120 138
120 141
120 142
120 143
120 145
120 146
120 147
120 148
120 149
120 152
120 156
120 159
120 161
120 162
120 165
120 166
120 167
120 168
120 169
120 170
120 171
120 173
120 176
120 177
120 178
120 180
120 181
120 184
120 185
120 188
120 189
120 193
120 194
120 195
120 196
120 198
120 199
120 200
121 122
121 123
121 126
121 127
121 128
121 129
121 130
121 132
121 133
121 136
121 138
121 139
121 140
121 142
121 143
121 144
121 145
121 147
121 148
121 152
121 153
121 155
121 156
121 157
121 160
121 161
121 162
121 163
121 164
121 166
121 168
121 171
121 172
121 173
121 174
121 176
121 178
121 179
121 180
121 186
121 190
121 193
121 194
121 195
121 198
121 199
121 200
122 123
122 127
122 128
122 129
122 130
122 132
122 133
122 134
122 135
122 136
122 137
122 138
122 139
122 141
122 143
122 144
122 145
122 148
122 149
122 150
122 152
122 155
122 156
122 158
122 159
122 162
122 164
122 168
122 169
122 170
122 172
122 173
122 174
122 176
122 178
122 179
122 180
122 183
122 185
122 186
122 188
122 189
122 191
122 192
122 194
122 195
122 196
122 197
122 200
123 124
123 125
123 126
123 127
123 131
123 132
123 134
123 141
123 142
123 144
123 145
123 146
123 147
123 148
123 151
123 152
123 155
123 156
123 157
123 159
123 160
123 161
123 162
123 163
123 164
123 165
123 167
123 169
123 170
123 171
123 172
123 173
123 175
123 176
123 179
123 180
123 181
123 182
123 185
123 190
123 191
123 193
123 196
123 199
123 200
124 127
124 129
124 131
124 133
124 141
124 142
124 144
124 146
124 147
124 148
124 152
124 153
124 154
124 159
124 160
124 161
124 165
124 168
124 171
124 172
124 174
124 176
124 177
124 178
124 179
124 180
124 182
124 184
124 185
124 187
124 188
124 192
124 193
124 194
124 195
124 196
124 197
124 199
124 200
125 127
125 129
125 130
125 131
125 132
125 134
125 135
125 136
125 138
125 140
125 141
125 142
125 143
125 144
125 146
125 147
125 149
125 152
125 155
125 157
125 158
125 159
125 160
125 161
125 162
125 163
125 165
125 166
125 167
125 168
125 169
125 170
125 172
125 173
125 174
125 175
125 176
125 177
125 179
125 180
125 181
125 182
125 183
125 184
125 186
125 188
125 190
125 191
125 192
125 197
125 198
125 199
125 200
126 130
126 131
126 134
126 135
126 136
126 140
126 142
126 144
126 147
126 149
126 153
126 154
126 155
126 156
126 157
126 158
126 161
126 164
126 167
126 168
126 169
126 170
126 173
126 175
126 178
126 182
126 184
126 185
126 187
126 189
126 190
126 191
126 192
126 194
126 195
126 196
127 129
127 131
127 135
127 136
127 138
127 139
127 143
127 144
127 145
127 146
127 147
127 151
127 152
127 153
127 154
127 155
127 158
127 159
127 160
127 161
127 162
127 163
127 165
127 166
127 167
127 169
127 171
127 175
127 176
127 177
127 178
127 179
127 181
127 183
127 187
127 188
127 189
127 191
127 192
127 195
127 199
127 200
128 129
128 130
128 133
128 134
128 135
128 136
128 137
128 139
128 140
128 141
128 142
128 143
128 144
128 145
128 146
128 151
128 153
128 154
128 155
128 157
128 159
128 161
128 162
128 164
128 168
128 169
128 171
128 174
128 176
128 178
128 179
128 182
128 183
128 184
128 185
128 186
128 188
128 189
128 190
128 191
128 193
128 194
128 195
128 196
128 200
129 130
129 132
129 133
129 134
129 136
129 137
129 138
129 140
129 142
129 144
129 145
129 146
129 152
129 153
129 154
129 156
129 157
129 160
129 161
129 162
129 163
129 164
129 165
129 168
129 169
129 173
129 174
129 175
129 176
129 178
129 179
129 180
129 181
129 184
129 186
129 187
129 188
129 190
129 192
129 193
129 194
129 195
129 196
130 131
130 139
130 141
130 142
130 144
130 145
130 151
130 153
130 154
130 155
130 156
130 157
130 158
130 159
130 160
130 162
130 163
130 164
130 165
130 167
130 168
130 169
130 170
130 174
130 176
130 177
130 178
130 179
130 180
130 181
130 185
130 187
130 188
130 190
130 191
130 192
130 195
130 196
130 197
130 198
130 199
131 132
131 133
131 135
131 137
131 141
131 143
131 144
131 145
131 146
131 147
131 148
131 149
131 150
131 151
131 152
131 154
131 155
131 156
131 158
131 159
131 160
131 161
131 162
131 163
131 164
131 167
131 168
131 169
131 170
131 171
131 172
131 173
131 175
131 177
131 178
131 179
131 180
131 181
131 183
131 185
131 186
131 187
131 188
131 189
131 190
131 192
131 194
131 195
131 197
131 200
132 134
132 135
132 136
132 138
132 139
132 142
132 148
132 149
132 153
132 154
132 157
132 165
132 166
132 167
132 169
132 172
132 176
132 177
132 178
132 180
132 181
132 182
132 184
132 185
132 187
132 188
132 189
132 190
132 192
132 193
132 194
132 195
132 199
132 200
133 134
133 135
133 136
133 139
133 140
133 143
133 144
133 146
133 147
133 150
133 151
133 155
133 156
133 157
133 162
133 165
133 166
133 168
133 169
133 170
133 171
133 174
133 175
133 177
133 178
133 181
133 182
133 183
133 184
133 185
133 187
133 189
133 190
133 191
133 193
133 195
133 199
134 135
134 136
134 137
134 140
134 142
134 144
134 145
134 148
134 149
134 150
134 151
134 152
134 153
134 154
134 156
134 159
134 160
134 161
134 162
134 165
134 167
134 169
134 171
134 173
134 174
134 175
134 176
134 177
134 178
134 181
134 182
134 184
134 186
134 187
134 188
134 189
134 190
134 193
134 196
134 200
135 136
135 137
135 139
135 140
135 141
135 142
135 143
135 146
135 147
135 151
135 152
135 153
135 154
135 156
135 157
135 160
135 162
135 164
135 165
135 167
135 168
135 169
135 171
135 173
135 174
135 175
135 176
135 177
135 179
135 181
135 184
135 185
135 186
135 187
135 192
135 194
135 195
135 196
135 198
136 137
136 142
136 144
136 145
136 147
136 150
136 152
136 156
136 157
136 158
136 160
136 162
136 163
136 164
136 166
136 168
136 169
136 170
136 173
136 174
136 175
136 176
136 177
136 178
136 180
136 181
136 183
136 186
136 195
136 196
136 197
136 200
137 138
137 139
137 141
137 142
137 145
137 146
137 147
137 152
137 153
137 154
137 157
137 158
137 160
137 161
137 162
137 163
137 164
137 166
137 169
137 170
137 171
137 173
137 174
137 175
137 176
137 177
137 180
137 181
137 183
137 184
137 185
137 187
137 189
137 190
137 191
137 192
137 194
138 139
138 145
138 147
138 148
138 152
138 154
138 160
138 162
138 163
138 164
138 165
138 167
138 170
138 171
138 172
138 174
138 175
138 176
138 178
138 179
138 180
138 182
138 183
138 187
138 188
138 190
138 192
138 193
138 194
138 196
138 197
138 199
138 200
139 140
139 141
139 142
139 144
139 145
139 146
139 147
139 148
139 150
139 152
139 153
139 154
139 157
139 158
139 160
139 163
139 164
139 165
139 166
139 167
139 168
139 170
139 171
139 175
139 178
139 179
139 180
139 181
139 184
139 186
139 188
139 189
139 191
139 192
139 193
139 194
139 195
139 196
139 198
139 199
139 200
140 142
140 144
140 146
140 148
140 150
140 151
140 152
140 153
140 157
140 160
140 161
140 164
140 166
140 168
140 169
140 171
140 173
140 174
140 175
140 177
140 178
140 181
140 186
140 187
140 188
140 191
140 192
140 196
141 144
141 145
141 146
141 147
141 149
141 151
141 152
141 154
141 155
141 156
141 157
141 158
141 159
141 165
141 166
141 168
141 170
141 173
141 175
141 176
141 178
141 179
141 181
141 183
141 186
141 190
141 191
141 194
141 195
141 196
141 197
141 198
142 144
142 145
142 146
142 148
142 149
142 150
142 151
142 152
142 153
142 154
142 158
142 159
142 161
142 162
142 164
142 167
142 168
142 169
142 170
142 171
142 172
142 175
142 177
142 178
142 179
142 180
142 181
142 182
142 185
142 189
142 190
142 192
142 193
142 197
143 144
143 145
143 146
143 152
143 154
143 157
143 158
143 159
143 161
143 162
143 163
143 164
143 166
143 167
143 168
143 169
143 172
143 175
143 176
143 177
143 179
143 183
143 188
143 191
143 192
143 193
143 194
143 196
143 197
143 199
143 200
144 145
144 146
144 147
144 151
144 152
144 155
144 156
144 157
144 160
144 162
144 163
144 164
144 166
144 167
144 168
144 170
144 172
144 174
144 175
144 176
144 178
144 179
144 180
144 183
144 184
144 185
144 186
144 189
144 190
144 192
144 193
144 194
144 196
144 199
144 200
145 149
145 150
145 151
145 152
145 157
145 158
145 161
145 163
145 164
145 165
145 166
145 167
145 168
145 169
145 171
145 172
145 174
145 175
145 176
145 177
145 178
145 179
145 181
145 183
145 184
145 185
145 186
145 187
145 189
145 192
145 195
145 197
145 199
145 200
146 147
146 148
146 151
146 153
146 156
146 157
146 158
146 159
146 160
146 165
146 167
146 168
146 170
146 171
146 174
146 175
146 177
146 179
146 180
146 183
146 185
146 186
146 189
146 191
146 193
146 197
146 198
146 199
147 148
147 149
147 150
147 151
147 155
147 156
147 157
147 159
147 161
147 162
147 163
147 165
147 166
147 167
147 168
147 169
147 170
147 171
147 172
147 173
147 176
147 177
147 178
147 179
147 186
147 187
147 188
147 189
147 190
147 191
147 193
147 194
147 196
147 198
147 200
148 149
148 151
148 152
148 154
148 155
148 158
148 160
148 161
148 163
148 165
148 168
148 169
148 172
148 173
148 174
148 175
148 176
148 177
148 178
148 179
148 180
148 181
148 182
148 183
148 184
148 185
148 186
148 187
148 188
148 189
148 190
148 191
148 192
148 194
148 195
148 196
148 197
148 198
148 199
148 200
149 151
149 152
149 153
149 154
149 157
149 158
149 161
149 163
149 165
149 169
149 171
149 172
149 173
149 175
149 176
149 178
149 179
149 180
149 181
149 183
149 184
149 186
149 190
149 192
149 193
149 194
149 197
149 198
150 151
150 152
150 153
150 154
150 156
150 157
150 159
150 161
150 162
150 165
150 166
150 167
150 169
150 170
150 171
150 178
150 179
150 182
150 184
150 186
150 188
150 189
150 190
150 193
150 194
150 195
150 197
150 198
151 156
151 157
151 159
151 160
151 161
151 163
151 164
151 166
151 167
151 169
151 170
151 172
151 173
151 177
151 179
151 181
151 183
151 185
151 187
151 188
151 189
151 190
151 192
151 194
151 195
151 196
151 198
151 200
152 153
152 154
152 155
152 156
152 158
152 163
152 164
152 165
152 166
152 167
152 168
152 171
152 175
152 176
152 177
152 179
152 182
152 183
152 184
152 185
152 186
152 187
152 188
152 189
152 191
152 192
152 193
152 194
152 196
152 198
152 199
152 200
153 154
153 155
153 156
153 158
153 159
153 163
153 164
153 165
153 166
153 167
153 169
153 170
153 171
153 172
153 173
153 174
153 175
153 176
153 177
153 181
153 182
153 183
153 184
153 185
153 186
153 188
153 189
153 190
153 192
153 193
153 194
153 195
153 196
153 197
153 198
153 199
153 200
154 155
154 156
154 158
154 161
154 162
154 163
154 165
154 166
154 169
154 171
154 173
154 174
154 177
154 179
154 180
154 186
154 187
154 188
154 189
154 190
154 191
154 192
154 197
154 199
155 157
155 158
155 159
155 163
155 164
155 165
155 166
155 167
155 168
155 170
155 171
155 173
155 174
155 175
155 178
155 179
155 185
155 186
155 188
155 189
155 190
155 191
155 192
155 194
155 195
155 196
155 198
156 157
156 158
156 159
156 160
156 162
156 163
156 166
156 173
156 174
156 176
156 177
156 178
156 179
156 181
156 182
156 183
156 187
156 190
156 191
156 192
156 195
156 196
156 199
156 200
157 158
157 160
157 161
157 163
157 164
157 165
157 166
157 168
157 169
157 170
157 173
157 174
157 175
157 176
157 178
157 183
157 185
157 186
157 187
157 188
157 192
157 193
157 196
157 197
157 199
158 159
158 160
158 161
158 162
158 163
158 167
158 168
158 171
158 172
158 173
158 176
158 180
158 181
158 182
158 184
158 185
158 186
158 187
158 191
158 192
158 194
158 197
158 198
158 199
158 200
159 160
159 162
159 163
159 169
159 170
159 171
159 172
159 174
159 175
159 176
159 177
159 178
159 179
159 180
159 181
159 182
159 183
159 184
159 185
159 189
159 190
159 193
159 195
159 198
159 200
160 162
160 168
160 169
160 170
160 171
160 172
160 175
160 177
160 179
160 183
160 184
160 186
160 187
160 192
160 193
160 194
160 196
160 197
160 198
160 199
161 163
161 165
161 169
161 170
161 171
161 172
161 174
161 175
161 176
161 180
161 182
161 185
161 187
161 188
161 189
161 191
161 193
161 196
161 197
161 198
161 199
161 200
162 165
162 166
162 167
162 168
162 171
162 172
162 174
162 177
162 179
162 180
162 181
162 183
162 184
162 189
162 190
162 191
162 192
162 193
162 195
162 196
162 197
162 198
162 199
162 200
163 165
163 166
163 167
163 168
163 171
163 174
163 175
163 178
163 179
163 181
163 182
163 184
163 185
163 187
163 188
163 189
163 190
163 192
163 194
163 195
163 196
163 197
163 200
164 165
164 167
164 168
164 169
164 171
164 172
164 173
164 174
164 175
164 177
164 178
164 179
164 182
164 183
164 185
164 188
164 189
164 192
164 195
164 197
164 198
165 166
165 167
165 169
165 170
165 172
165 173
165 174
165 176
165 177
165 179
165 180
165 186
165 187
165 188
165 189
165 194
165 198
165 199
165 200
166 167
166 168
166 169
166 172
166 174
166 177
166 180
166 181
166 182
166 183
166 184
166 187
166 188
166 189
166 191
166 193
166 197
166 198
166 199
166 200
167 170
167 174
167 176
167 177
167 178
167 180
167 181
167 182
167 185
167 187
167 188
167 189
167 192
167 193
167 194
167 196
167 197
167 199
167 200
168 170
168 171
168 172
168 174
168 175
168 176
168 177
168 178
168 179
168 180
168 182
168 184
168 185
168 189
168 191
168 194
168 196
168 197
168 198
168 199
168 200
169 170
169 173
169 174
169 175
169 176
169 180
169 181
169 184
169 186
169 187
169 188
169 189
169 190
169 193
169 195
169 196
169 197
169 198
169 199
170 171
170 172
170 173
170 175
170 176
170 179
170 180
170 184
170 185
170 191
170 193
170 194
170 197
170 199
170 200
171 175
171 177
171 178
171 179
171 180
171 185
171 187
171 189
171 190
171 194
171 195
171 196
171 198
171 199
171 200
172 175
172 176
172 178
172 179
172 181
172 185
172 186
172 187
172 188
172 189
172 190
172 191
172 192
172 193
172 194
172 196
172 198
172 199
172 200
173 174
173 175
173 177
173 178
173 180
173 181
173 182
173 184
173 185
173 186
173 190
173 191
173 194
173 195
173 196
173 199
174 176
174 178
174 179
174 182
174 183
174 185
174 186
174 189
174 190
174 192
174 194
174 200
175 176
175 177
175 179
175 180
175 181
175 183
175 185
175 186
175 187
175 192
175 193
175 194
175 195
175 196
175 198
176 178
176 179
176 180
176 181
176 182
176 183
176 184
176 185
176 187
176 192
176 194
176 196
176 197
176 198
176 199
177 179
177 181
177 182
177 183
177 185
177 189
177 190
177 192
177 193
177 197
178 179
178 180
178 181
178 182
178 183
178 184
178 187
178 188
178 189
178 190
178 194
178 197
178 199
178 200
179 181
179 182
179 183
179 185
179 186
179 189
179 191
179 192
179 193
179 194
179 195
179 196
179 197
179 198
179 199
179 200
180 181
180 183
180 184
180 185
180 187
180 188
180 191
180 192
180 193
180 196
180 197
180 199
181 184
181 185
181 188
181 190
181 191
181 193
181 194
181 196
181 200
182 183
182 185
182 187
182 190
182 192
182 193
182 194
182 195
182 196
182 198
182 199
183 184
183 186
183 187
183 188
183 190
183 194
183 195
183 196
183 197
183 198
184 185
184 186
184 187
184 188
184 191
184 192
184 193
184 194
184 195
184 196
184 197
184 198
184 199
184 200
185 187
185 188
185 189
185 190
185 191
185 193
185 196
185 197
185 199
186 189
186 191
186 192
186 193
186 194
186 195
186 197
186 198
186 199
186 200
187 189
187 191
187 194
187 196
187 199
188 189
188 190
188 191
188 192
188 193
188 194
188 195
188 197
188 198
188 199
188 200
189 191
189 194
189 195
189 196
189 197
189 198
189 199
190 191
190 194
190 196
190 197
190 200
191 193
191 196
191 198
191 200
192 193
192 194
192 195
192 196
192 197
192 198
192 199
192 200
193 196
193 197
193 198
193 200
194 195
194 196
194 197
194 198
194 199
194 200
195 197
195 199
196 197
196 198
196 200
197 199
197 200
198 199
199 200
